== PROBLEM ==
# N_FACILITIES: 1000
# N_CLIENTS: 1000
# SIZE_RESTRICTION_MINIMUM: -1
# SIZE_RESTRICTION_MAXIMUM: -1

== RUN DATA ==
# FILTER: BETTER_THAN_ALL_PARENTS (3)
# TARGET_SOLS: 1
# PRECOMP_CLIENT_OPTIMAL_GAIN: 0.000000
# N_THREADS: 4
# SELECT_ONLY_TERMINAL: 1
# LOCAL_SEARCH: SWAP_RESENDE_WERNECK
# LOCAL_SEARCH_BEFORE_SELECT: 1
# LOCAL_SEARCH_REM_MOVEMENT: 1
# LOCAL_SEARCH_ADD_MOVEMENT: 1
# BRANCHING_FACTOR: 8
# BRANCHING_FACTOR_CORRECTION: 1
# PATH_RELINKING: PATH_RELINKING_UNTIL_NO_BETTER
# PATH_RELINKING_LOCAL_SEARCH: SWAP_RESENDE_WERNECK
# RANDOM_SEED: 1621837953
# RESTARTS: 1
# VERBOSE: 0
# BRANCH_AND_BOUND: 0 (deprecated)
# LOWER_BOUND: -1434154.000000 

# REDUCTION: sdbs+:100:mgesum _best:200
# INPUT_FILE: "problems_kmedian_original/1000-10"
# CPU_TIME: 22.799999
# ELAPSED: 9.986063
# VIRT_MEM_PEAK_KB: 438488
# TOTAL_ITERATIONS: 21

== LOCAL SEARCH INFO ==
# LOCAL_SEARCH_CPU_TIME: 14.850000
# N_LOCAL_SEARCHES: 2273
# AVG_LOCAL_SEARCH_MOVES: 6.829740

== PATH RELINKING INFO ==
# PATH_RELINKING_CPU_TIME: 7.540000
== FIRST RESTART INFO ==
# FIRST_ITERATIONS: 21
# FIRST_PER_SIZE_SOLS:             1    800    790    782    776    751    701    666    643    556    493    418    310    275    221    182    119     82     55     20      5
# FIRST_PER_SIZE_SOLS_RED:         1    100    100    100    100    100    100    100    100    100    100    100    100    100    100    100    100     82     55     20      5
# FIRST_PER_SIZE_LOCAL_OPT:        0      0      0      0      0      0      0      0      0      0      0      0      0      0      0      0      0      0      0      0      0

== PER RESTART INFO ==
# RST        0 -1434154.000000 22.800000

== SOLUTIONS DATA ==
# OUTPUT_SOLUTIONS: 1

== SOLUTION ==
# VALUE: -1434154.000000
# ASSIGNS: 157 217 611 438 188 961 967 644 162 162 162 188 57 188 258 961 97 30 30 258 146 967 146 188 97 157 258 146 611 611 30 30 438 157 438 438 188 97 162 961 644 97 258 188 30 682 438 258 682 967 438 611 967 611 217 188 157 57 57 217 682 438 967 30 162 146 644 57 157 97 682 157 258 146 217 97 682 162 162 162 188 157 188 188 611 644 611 57 611 188 97 438 188 188 188 258 57 97 438 57 217 97 57 258 438 967 157 217 644 438 188 682 961 57 258 57 57 611 438 644 961 644 438 97 611 217 57 258 146 30 146 217 644 162 97 57 188 258 162 146 57 258 438 157 146 644 146 961 961 961 438 162 217 97 682 97 188 157 682 30 438 157 162 30 217 188 157 162 611 682 157 30 97 162 967 644 258 162 644 644 146 611 682 682 961 967 30 157 188 967 961 157 644 611 157 188 217 57 967 682 57 611 188 162 217 611 967 682 188 30 961 644 611 157 438 682 146 217 188 97 438 57 258 967 611 162 611 258 611 611 682 217 146 682 146 146 157 146 217 611 146 157 30 157 258 438 157 961 146 57 146 967 57 682 157 611 188 682 258 157 258 157 162 217 644 188 438 162 967 438 162 961 644 217 967 961 682 967 644 188 57 146 188 57 438 157 258 682 961 961 611 97 438 611 162 611 157 30 961 188 611 188 57 644 967 438 438 188 97 97 97 57 644 146 97 157 217 30 217 682 162 967 682 188 438 682 611 217 217 644 188 217 97 682 967 217 157 157 644 188 97 97 57 146 188 967 30 30 961 157 611 967 30 146 217 30 97 611 188 162 30 146 188 162 961 961 97 961 146 682 57 30 644 258 157 188 157 967 961 682 258 644 682 30 682 97 438 30 57 146 188 967 258 30 961 967 258 97 258 438 97 217 961 644 188 162 961 162 188 146 644 438 157 146 146 188 146 162 146 162 217 188 611 157 258 682 644 30 146 57 162 217 146 157 162 217 611 644 438 188 217 644 961 188 57 30 961 57 961 57 157 217 961 57 162 644 157 961 644 961 97 961 188 146 967 188 217 611 217 258 961 217 258 97 611 157 162 146 188 961 217 188 162 961 961 258 162 258 611 157 188 97 97 162 967 30 217 967 644 146 644 682 967 30 611 57 217 258 682 644 611 258 146 438 97 157 644 162 188 97 162 217 961 97 217 57 258 217 961 258 157 162 30 97 961 967 57 30 157 438 30 188 967 157 258 57 162 146 157 146 217 146 162 611 30 258 967 611 611 217 157 30 682 146 97 30 611 146 438 644 57 188 438 30 438 188 217 682 146 258 57 967 967 188 611 438 188 682 217 146 57 438 162 57 188 188 157 682 961 682 611 967 162 97 217 162 30 217 217 682 682 611 438 217 438 438 258 217 30 611 961 258 162 97 157 97 438 961 30 961 188 57 188 188 217 30 162 644 188 97 258 146 188 188 644 258 157 157 57 97 438 188 961 30 258 188 30 57 57 97 217 188 146 157 146 961 967 188 157 258 57 967 682 97 57 644 217 438 682 146 961 97 682 961 644 146 217 682 157 97 188 682 961 961 146 967 162 682 97 967 611 146 30 146 146 30 188 162 157 644 146 188 188 146 162 961 188 217 258 157 162 682 30 611 57 146 682 157 57 258 162 188 967 682 611 97 438 188 146 97 682 188 188 644 611 438 258 157 162 97 258 30 682 157 157 967 162 967 57 146 162 30 30 217 258 97 30 30 188 438 967 162 967 644 30 146 162 97 217 157 644 258 961 438 146 188 188 967 146 57 146 97 644 611 157 258 157 258 967 438 57 258 146 961 30 258 146 57 258 157 682 217 961 438 258 438 682 157 97 967 961 188 188 967 258 644 97 258 967 57 146 258 258 438 97 967 967 162 146 438 162 217 258 258 438 611 162 611 258 57 967 217 57 438 146 188 961 188 162 157 967 157 57 30 97 157 438 188 961 682 217 961 157 967 258 188 97 30 682 97 217 258 682 188 258 146 146 217 611 258 644 188 146 57 611 682 146 438 644 967 967 967 611 57 162 188 217 30 57 162 961 30 217 162 967 157 146 162 146 217 188 967 682 682 157 682 57 682 961 438 30 258 30 611 188 438 644 644 217 188 258 157 30 30 644 611 188 961 682 682 644 611 217 188 961 30 188 682 438 611 157 961 188 188 217 967 146 967 30 57 97 967 146 188 162 146 611 217 188 157 611 30 146 146 217 162 157 967 97 217 146 644 146 258 967 146 217 961 157 438
# N_FACS: 15
# INDEXES: 30 57 97 146 157 162 188 217 258 438 611 644 682 961 967 
FAC 30 : 17 18 30 31 44 63 129 159 163 171 186 209 242 297 317 346 347 352 355 360 371 383 387 393 427 445 495 503 532 537 540 554 561 565 573 606 618 628 635 653 656 702 705 722 751 761 762 766 767 774 804 863 877 907 911 930 932 942 943 955 968 981
FAC 57 : 12 57 58 67 87 96 99 102 113 115 116 126 135 140 197 200 221 249 252 280 283 302 311 342 370 388 429 444 447 449 453 505 525 536 545 570 580 590 593 631 648 657 658 670 674 724 728 758 789 800 807 829 849 852 862 893 903 908 926 969
FAC 97 : 16 24 37 41 69 75 90 97 101 123 134 153 155 172 219 291 308 309 310 314 332 340 341 356 366 385 397 400 460 473 491 492 514 519 523 533 564 603 623 625 639 649 659 673 681 689 698 735 739 749 765 777 791 818 826 834 864 876 879 970 988
FAC 146 : 20 22 27 65 73 128 130 139 144 146 180 216 232 234 235 237 240 248 250 281 313 343 353 361 368 389 409 413 414 416 418 428 432 463 477 499 512 547 549 551 563 567 578 589 641 662 664 679 685 694 701 703 704 710 713 725 738 759 775 784 788 790 802 806 830 838 854 885 886 892 896 916 918 966 972 975 982 983 990 992 995
FAC 157 : 0 25 33 56 68 71 81 106 143 157 161 166 170 187 191 194 213 236 241 243 246 254 259 261 285 296 315 336 337 349 374 376 412 423 433 450 456 475 489 515 530 538 543 548 560 596 624 646 647 663 668 688 708 719 727 747 753 754 779 794 796 809 817 859 861 865 872 915 924 941 960 979 986 998
FAC 162 : 8 9 10 38 64 77 78 79 133 138 151 162 167 173 177 203 225 262 267 270 294 320 359 363 405 407 417 419 430 434 454 476 482 486 493 517 520 531 546 552 592 602 605 622 636 696 707 714 720 730 748 756 760 771 776 837 840 846 858 904 909 913 917 974 985
FAC 188 : 4 11 13 23 36 43 55 80 82 83 89 92 93 94 110 136 156 165 188 195 202 208 218 256 265 279 282 299 301 307 323 330 339 344 358 362 375 390 404 408 415 421 439 443 462 465 478 481 490 518 541 571 575 583 586 594 595 630 632 633 638 642 643 651 655 661 667 690 706 711 712 716 731 737 741 742 768 785 786 821 822 855 857 867 875 883 891 905 920 934 939 946 953 956 962 963 973 978
FAC 217 : 1 54 59 74 100 107 125 131 152 164 196 204 217 231 238 263 273 316 318 327 328 331 335 354 401 420 431 435 440 451 466 468 471 480 496 506 521 524 527 550 559 576 588 604 607 608 613 617 634 660 676 686 717 763 778 811 841 851 870 880 887 906 912 919 938 952 964 977 984 989 996
FAC 258 : 14 19 26 42 47 72 95 103 114 127 137 141 176 222 227 244 258 260 286 373 380 392 396 398 424 469 472 485 487 507 511 526 529 544 555 579 616 621 640 645 654 669 718 729 746 750 764 781 795 797 801 805 808 814 824 827 831 832 842 843 848 874 881 884 889 931 940 993
FAC 438 : 3 32 34 35 46 50 61 91 98 104 109 118 122 142 150 160 214 220 245 266 269 284 292 305 306 324 386 399 411 438 513 539 568 572 574 585 591 612 614 615 626 650 677 736 745 769 783 799 813 815 833 839 844 853 866 897 929 935 958 999
FAC 611 : 2 28 29 51 53 84 86 88 117 124 168 181 193 201 205 212 224 226 228 229 239 255 290 293 295 300 326 350 357 422 436 467 474 488 504 510 553 557 558 566 584 600 611 619 700 723 734 744 793 845 847 888 894 902 933 945 951 959 976 980
FAC 644 : 7 40 66 85 108 119 121 132 145 175 178 179 192 211 264 272 278 303 312 329 338 372 381 403 410 426 437 441 455 458 498 500 509 516 569 637 644 675 684 709 743 773 780 792 825 890 898 936 937 944 950 991
FAC 682 : 45 48 60 70 76 111 154 158 169 182 183 199 207 215 230 233 253 257 276 287 319 322 325 333 369 379 382 384 425 501 508 562 577 587 597 599 609 610 672 678 682 687 691 697 721 726 733 740 752 810 816 869 878 882 895 922 923 925 927 948 949 957
FAC 961 : 5 15 39 112 120 147 148 149 184 190 210 247 271 275 288 289 298 348 364 365 367 378 394 402 406 442 446 448 452 457 459 461 470 479 483 484 522 528 534 598 620 627 629 652 665 680 683 692 693 715 782 803 812 820 856 868 871 910 928 947 954 961 997
FAC 967 : 6 21 49 52 62 105 174 185 189 198 206 223 251 268 274 277 304 321 334 345 351 377 391 395 464 494 497 502 535 542 556 581 582 601 666 671 695 699 732 755 757 770 772 787 798 819 823 828 835 836 850 860 873 899 900 901 914 921 965 967 971 987 994
