== PROBLEM ==
# N_FACILITIES: 2000
# N_CLIENTS: 2000
# SIZE_RESTRICTION_MINIMUM: -1
# SIZE_RESTRICTION_MAXIMUM: -1

== RUN DATA ==
# FILTER: BETTER_THAN_ALL_PARENTS (3)
# TARGET_SOLS: 1
# PRECOMP_CLIENT_OPTIMAL_GAIN: 0.000000
# N_THREADS: 4
# SELECT_ONLY_TERMINAL: 1
# LOCAL_SEARCH: SWAP_RESENDE_WERNECK
# LOCAL_SEARCH_BEFORE_SELECT: 1
# LOCAL_SEARCH_REM_MOVEMENT: 1
# LOCAL_SEARCH_ADD_MOVEMENT: 1
# BRANCHING_FACTOR: 8
# BRANCHING_FACTOR_CORRECTION: 1
# PATH_RELINKING: PATH_RELINKING_UNTIL_NO_BETTER
# PATH_RELINKING_LOCAL_SEARCH: SWAP_RESENDE_WERNECK
# RANDOM_SEED: 1621838037
# RESTARTS: 1
# VERBOSE: 0
# BRANCH_AND_BOUND: 0 (deprecated)
# LOWER_BOUND: -437686.000000 

# REDUCTION: sdbs+:100:mgesum _best:200
# INPUT_FILE: "problems_kmedian_original/2000-1000"
# CPU_TIME: 3612.410156
# ELAPSED: 1496.770874
# VIRT_MEM_PEAK_KB: 1010752
# TOTAL_ITERATIONS: 494

== LOCAL SEARCH INFO ==
# LOCAL_SEARCH_CPU_TIME: 302.710000
# N_LOCAL_SEARCHES: 18574
# AVG_LOCAL_SEARCH_MOVES: 42.033057

== PATH RELINKING INFO ==
# PATH_RELINKING_CPU_TIME: 696.970000
== FIRST RESTART INFO ==
# FIRST_ITERATIONS: 494
# FIRST_PER_SIZE_SOLS:             1    800    800    800    800    800    800    800    800    800    800    800    800    800    800    800    800    800    800    800    800    800    800    800    800    799    800    800    800    799    799    799    799    800    799    800    798    797    798    800    797    799    800    800    799    796    794    795    796    799    797    794    800    797    796    799    794    793    794    797    796    795    797    795    792    794    789    787    795    788    791    785    792    790    787    792    795    791    783    792    790    780    786    793    779    780    779    788    785    783    784    770    783    781    774    771    774    784    778    767    770    772    780    767    761    763    776    774    758    763    769    770    763    766    766    744    750    757    759    758    759    751    758    756    750    748    754    754    748    744    741    746    736    732    725    744    727    732    727    738    742    744    732    721    730    738    739    719    715    699    715    714    705    703    730    718    721    722    689    694    707    700    710    681    696    710    714    707    691    701    679    688    672    685    682    663    680    679    654    687    665    655    672    666    680    660    675    631    663    635    674    667    651    645    646    643    630    657    642    628    629    626    631    629    600    603    616    600    622    622    597    603    601    586    591    587    580    603    593    593    583    599    568    591    571    573    563    563    561    565    550    536    564    541    563    535    565    551    554    551    546    553    570    543    536    539    546    517    503    520    524    528    523    517    535    493    523    493    515    495    478    497    487    502    490    510    480    483    494    461    467    468    486    478    469    456    461    466    456    442    447    467    445    448    439    447    451    437    429    443    435    441    437    426    432    439    417    417    415    418    416    402    432    417    384    391    378    382    358    373    383    375    380    354    401    364    356    369    380    385    331    367    382    345    356    366    331    367    347    343    353    346    316    334    329    323    346    301    320    320    326    319    324    322    339    296    294    286    311    304    287    284    314    302    313    298    290    295    310    259    292    272    285    285    266    276    254    270    274    268    275    271    234    256    247    257    242    267    220    216    265    223    236    251    252    229    234    223    222    224    244    227    220    209    225    236    203    216    180    221    201    211    175    198    209    203    215    192    196    201    185    179    169    203    205    185    170    177    174    174    154    159    149    172    165    178    158    168    174    159    156    168    126    149    155    128    145    140    137    144    128    147    137    122    122    123    133    132    133    126    123    118    114    119    111    114    114    117    111    102    119    117     92     88     91    102    104     99    105     96     86     73     56     61     56     47     44     49     43     36     26     22     25     15     15     14     10      8      9      5      5      1      1      1
# FIRST_PER_SIZE_SOLS_RED:         1    100    100    100    100    100    100    100    100    100    100    100    100    100    100    100    100    100    100    100    100    100    100    100    100    100    100    100    100    100    100    100    100    100    100    100    100    100    100    100    100    100    100    100    100    100    100    100    100    100    100    100    100    100    100    100    100    100    100    100    100    100    100    100    100    100    100    100    100    100    100    100    100    100    100    100    100    100    100    100    100    100    100    100    100    100    100    100    100    100    100    100    100    100    100    100    100    100    100    100    100    100    100    100    100    100    100    100    100    100    100    100    100    100    100    100    100    100    100    100    100    100    100    100    100    100    100    100    100    100    100    100    100    100    100    100    100    100    100    100    100    100    100    100    100    100    100    100    100    100    100    100    100    100    100    100    100    100    100    100    100    100    100    100    100    100    100    100    100    100    100    100    100    100    100    100    100    100    100    100    100    100    100    100    100    100    100    100    100    100    100    100    100    100    100    100    100    100    100    100    100    100    100    100    100    100    100    100    100    100    100    100    100    100    100    100    100    100    100    100    100    100    100    100    100    100    100    100    100    100    100    100    100    100    100    100    100    100    100    100    100    100    100    100    100    100    100    100    100    100    100    100    100    100    100    100    100    100    100    100    100    100    100    100    100    100    100    100    100    100    100    100    100    100    100    100    100    100    100    100    100    100    100    100    100    100    100    100    100    100    100    100    100    100    100    100    100    100    100    100    100    100    100    100    100    100    100    100    100    100    100    100    100    100    100    100    100    100    100    100    100    100    100    100    100    100    100    100    100    100    100    100    100    100    100    100    100    100    100    100    100    100    100    100    100    100    100    100    100    100    100    100    100    100    100    100    100    100    100    100    100    100    100    100    100    100    100    100    100    100    100    100    100    100    100    100    100    100    100    100    100    100    100    100    100    100    100    100    100    100    100    100    100    100    100    100    100    100    100    100    100    100    100    100    100    100    100    100    100    100    100    100    100    100    100    100    100    100    100    100    100    100    100    100    100    100    100    100    100    100    100    100    100    100    100    100    100    100    100    100    100    100    100    100    100    100    100    100    100    100    100    100    100    100    100    100    100    100    100    100    100    100     92     88     91    100    100     99    100     96     86     73     56     61     56     47     44     49     43     36     26     22     25     15     15     14     10      8      9      5      5      1      1      1
# FIRST_PER_SIZE_LOCAL_OPT:        0      0      0      0      0      0      0      0      0      0      0      0      0      0      0      0      0      0      0      0      0      0      0      0      0      0      0      0      0      0      0      0      0      0      0      0      0      0      0      0      0      0      0      0      0      0      0      0      0      0      0      0      0      0      0      0      0      0      0      0      0      0      0      0      0      0      0      0      0      0      0      0      0      0      0      0      0      0      0      0      0      0      0      0      0      0      0      0      0      0      0      0      0      0      0      0      0      0      0      0      0      0      0      0      0      0      0      0      0      0      0      0      0      0      0      0      0      0      0      0      0      0      0      0      0      0      0      0      0      0      0      0      0      0      0      0      0      0      0      0      0      0      0      0      0      0      0      0      0      0      0      0      0      0      0      0      0      0      0      0      0      0      0      0      0      0      0      0      0      0      0      0      0      0      0      0      0      0      0      0      0      0      0      0      0      0      0      0      0      0      0      0      0      0      0      0      0      0      0      0      0      0      0      0      0      0      0      0      0      0      0      0      0      0      0      0      0      0      0      0      0      0      0      0      0      0      0      0      0      0      0      0      0      0      0      0      0      0      0      0      0      0      0      0      0      0      0      0      0      0      0      0      0      0      0      0      0      0      0      0      0      0      0      0      0      0      0      0      0      0      0      0      0      0      0      0      0      0      0      0      0      0      0      0      0      0      0      0      0      0      0      0      0      0      0      0      0      0      0      0      0      0      0      0      0      0      0      0      0      0      0      0      0      0      0      0      0      0      0      0      0      0      0      0      0      0      0      0      0      0      0      0      0      0      0      0      0      0      0      0      0      0      0      0      0      0      0      0      0      0      0      0      0      0      0      0      0      0      0      0      0      0      0      0      0      0      0      0      0      0      0      0      0      0      0      0      0      0      0      0      0      0      0      0      0      0      0      0      0      0      0      0      0      0      0      0      0      0      0      0      0      0      0      0      0      0      0      0      0      0      0      0      0      0      0      0      0      0      0      0      0      0      0      0      0      0      0      0      0      0      0      0      0      0      0      0      0      0      0      0      0      0      0      0      0      0      0      0      0      0      0      0      0      0      0      0      0      0      0      0      0      0      0      0      0      0      0      0      0      0      0      0      0      0      0      0      0      0      0      0      0      0      0      0      0      0      0      0      0      0      0      0      0      0

== PER RESTART INFO ==
# RST        0 -437686.000000 3612.410000

== SOLUTIONS DATA ==
# OUTPUT_SOLUTIONS: 1

== SOLUTION ==
# VALUE: -437686.000000
# ASSIGNS: 1660 1 723 571 1730 812 1660 7 1603 9 10 174 1723 1994 174 1594 16 1949 805 1833 20 588 1843 23 24 942 71 27 28 29 764 1067 32 33 1183 1452 1584 680 38 39 40 661 1100 1174 1534 45 46 515 1641 1019 408 51 52 772 917 1959 1706 1682 58 757 1 337 466 1361 1195 731 1919 1495 1952 69 70 71 1550 1113 1144 136 76 590 1 1345 7 643 1012 83 1721 1354 898 1504 235 572 1692 91 273 398 825 1644 96 97 1020 1100 1581 1643 102 1242 1412 572 268 324 108 1484 812 1105 112 113 181 492 102 1994 1924 789 1610 757 1730 123 124 393 495 1176 128 614 1731 299 1960 38 1577 135 136 1343 138 1749 507 1493 142 143 1760 145 146 1273 1262 464 308 863 866 9 898 97 626 157 1616 159 1526 1561 162 45 273 1067 166 464 1579 973 170 124 917 994 174 1621 1024 819 23 928 1698 181 682 931 1570 556 1176 187 188 1211 128 601 192 1698 571 195 571 9 198 1433 143 146 145 362 626 205 879 157 33 1245 1178 1188 891 520 353 1862 216 1789 218 1191 893 221 1103 223 224 1495 7 1240 10 348 531 501 1573 494 124 235 754 237 238 1106 359 76 1959 626 97 1178 246 1638 598 645 365 958 992 108 1005 1922 308 83 812 446 1692 261 795 265 957 265 266 1639 268 1219 715 864 1071 273 20 275 1611 402 1383 1051 957 556 1099 1120 1809 38 1827 1252 1231 599 985 849 1484 1176 838 295 812 218 298 299 300 467 1975 1484 680 1176 306 1 308 1959 1988 1112 1078 1315 971 453 1994 475 1999 295 320 321 1076 501 324 1017 821 300 812 266 1510 660 332 1000 70 1603 957 337 1233 166 340 1731 1076 306 344 392 400 347 348 349 698 351 362 353 1252 507 795 1843 1005 359 1690 361 362 363 364 365 987 1108 1974 408 223 1005 1547 1639 467 957 1909 1462 1786 1959 1919 1602 1105 112 70 123 446 1346 1019 494 778 1061 392 393 800 1005 1852 906 398 1595 400 1579 402 69 1495 38 143 324 408 929 91 300 558 1381 1211 1731 416 298 1383 1657 1100 1748 556 495 1988 928 268 427 1550 1001 337 431 51 931 434 223 1479 992 1298 1786 1199 1403 531 443 502 1731 446 1638 448 601 265 451 1345 453 454 1017 999 1543 1476 891 747 556 1644 453 464 506 466 467 1476 469 1684 757 472 473 1231 475 1476 1766 941 128 363 359 1643 483 1105 1433 1602 181 1007 1958 708 532 492 324 494 495 1969 1786 1647 300 218 501 502 235 957 1580 506 507 732 715 510 813 1178 1647 1516 515 112 517 112 519 520 1731 1361 523 1786 863 1606 601 69 1938 1108 531 532 1952 775 590 536 181 1176 446 1919 679 108 812 544 1001 1450 547 265 344 266 198 506 723 620 1639 556 730 558 776 1516 855 1985 563 1706 1012 1665 917 1763 495 1949 571 572 765 402 344 1132 1827 1336 494 853 359 448 583 83 585 1563 563 588 136 590 1105 898 392 1594 595 879 794 598 599 123 601 300 408 1134 1372 235 1099 948 1001 1577 1939 748 1510 614 558 1730 261 595 898 620 1064 1108 1195 216 188 626 1909 517 679 1763 1789 893 46 1763 987 1103 660 1188 483 1908 188 1942 643 71 645 747 83 846 1621 650 651 544 1616 1904 1706 656 657 583 659 660 661 656 299 664 340 803 863 265 10 1132 797 1580 1052 1121 298 571 32 1191 679 680 351 682 754 971 626 520 1579 764 1543 772 1595 692 1252 1461 1051 1383 679 698 1012 700 973 448 703 957 1007 1676 1167 708 1673 1641 947 1580 1848 1343 715 1068 1540 275 349 720 731 664 723 659 1756 1682 730 708 729 730 731 732 1308 532 1919 473 941 1543 1000 1191 985 1227 9 985 971 1412 747 748 393 803 929 1178 1832 754 755 1245 757 1381 402 599 1673 472 866 764 765 1843 427 768 588 1760 1684 772 659 320 775 776 1786 778 108 519 1298 205 1897 1024 1647 1195 1358 483 789 790 1821 1105 1199 794 795 1484 797 1611 1952 800 700 332 803 1570 805 466 1975 261 1603 170 803 812 813 1555 815 816 1116 27 819 1298 821 515 754 45 825 563 827 963 829 1684 1772 650 1219 1922 1665 588 181 838 519 840 841 1358 1604 844 1273 846 595 1319 849 1510 1643 841 853 1789 855 416 794 935 859 454 1262 198 863 864 865 866 221 108 1684 416 1100 464 353 10 875 1909 362 789 879 473 1111 875 682 1052 1526 1424 1924 1897 889 890 891 473 893 626 659 1896 300 898 1318 1573 1540 840 1682 434 992 906 907 1007 928 1308 58 790 145 1167 494 246 917 1471 1848 1476 789 1219 1570 1908 1821 1760 33 928 929 1381 931 692 1167 748 935 1766 70 448 1043 531 941 942 947 265 1191 135 947 948 1219 1240 1111 365 1897 827 1100 1475 957 958 344 469 731 891 963 747 27 917 1024 1641 454 1862 971 972 973 1820 1132 365 1475 1149 45 813 135 1144 1994 1786 985 645 987 700 434 866 431 992 680 994 434 1231 1949 729 999 1000 1001 827 174 1789 1005 123 1007 890 855 1479 898 1012 361 679 1563 1016 1017 768 1019 1020 348 1543 27 1024 1616 844 40 224 344 1067 645 1479 664 1479 427 1611 275 708 656 829 364 556 1043 775 805 398 1731 1359 216 1555 1051 1052 1862 453 1216 650 96 1017 1016 536 1061 472 1990 1064 349 348 1067 1068 1078 1403 1071 142 800 510 1897 1076 261 1078 958 1435 188 1563 853 1760 1144 142 849 971 502 800 778 1064 1019 893 520 1495 645 205 1099 1100 1772 1067 1103 1555 1105 1106 1167 1108 853 1428 1111 1112 1113 1604 928 1116 1594 772 1581 1120 1121 1227 1108 40 20 136 1132 778 1103 1827 362 1132 472 1134 170 1423 159 273 1116 268 362 698 443 1144 660 893 135 238 1149 91 363 1730 1381 1144 1555 1952 536 1527 1372 992 402 32 1763 620 324 29 1167 1346 91 1833 443 849 595 1174 765 1176 448 1178 365 337 1132 261 1183 947 295 29 1412 1188 942 443 1191 1252 906 337 1195 1462 520 1113 1199 32 347 1909 571 187 841 775 1174 1833 1687 1216 1211 1354 1213 692 827 1216 1641 510 1219 321 96 24 1479 246 76 159 1227 1183 794 844 1231 1318 1233 731 52 664 1374 906 58 1240 859 1242 1243 1673 1245 853 1319 1643 1602 1759 1949 1252 97 235 890 1809 24 840 532 948 1213 1262 1219 812 1024 650 755 1763 1007 827 23 216 1273 1584 1990 805 999 1116 76 517 69 320 174 645 181 864 299 680 1471 1290 1403 1374 393 614 1867 1296 1111 1298 789 1519 819 475 58 972 941 58 1476 1308 651 1939 1756 1730 138 1435 1315 1316 917 1318 1319 237 1665 157 464 1942 506 1219 601 162 1227 1450 536 866 1439 825 879 1336 775 1428 1112 1336 585 764 1343 1561 1345 1346 393 1191 803 416 800 308 113 1354 601 585 1052 1358 1359 941 1361 768 656 846 805 889 1252 1374 1001 1595 1336 1372 1381 1374 1452 1001 1043 502 729 473 1381 732 1383 1603 1958 9 532 1570 819 645 755 1183 1616 1985 942 159 218 1938 1403 614 1756 598 1403 1504 1687 1071 1749 1841 1144 715 52 1412 1052 729 20 187 187 1985 1580 841 838 859 1423 1424 1252 585 1315 1428 70 273 1439 91 1433 891 1435 1252 1403 469 1439 20 682 906 195 361 992 620 1582 1604 1120 1450 1595 1452 1243 598 948 844 1584 58 994 1290 1461 1462 1343 879 1465 889 275 1359 340 135 1471 1766 466 1610 1475 1476 20 1852 1479 536 816 1841 730 1484 1076 1763 448 1001 1106 237 797 507 1493 1113 1495 1616 601 28 1988 113 1534 1611 865 1504 1904 1611 192 308 1112 1510 1760 467 1361 1887 1922 1516 1676 1071 1519 825 797 1243 492 364 1584 1526 1527 1772 1020 507 51 448 599 1534 135 768 723 1361 33 1540 680 1105 1543 1243 651 1450 1547 1191 1308 1550 20 453 299 825 1555 128 1493 1867 1199 295 1561 1731 1563 1372 1969 365 1722 361 108 1570 1938 1103 1573 136 583 1550 1577 1641 1579 1580 1581 1582 1583 1584 1112 97 265 237 643 142 1534 765 365 1594 1595 661 1068 1001 1748 1756 1316 1602 1603 1604 324 1606 819 23 992 1610 1611 1361 906 659 772 1616 1610 1144 298 790 1621 748 472 76 947 1479 1318 1749 963 928 70 124 536 1211 431 708 645 1638 1639 1994 1641 38 1643 1644 1645 1604 1647 1947 650 1644 464 321 1476 1768 1833 1424 1657 1924 467 1660 181 393 1952 400 1665 1240 1667 1667 1016 1580 1684 1315 1673 1106 556 1676 1821 1315 359 1475 1273 1682 1191 1684 1510 451 1687 1748 875 1690 40 1692 218 664 1113 1315 698 1698 1504 1723 1644 1573 1584 1684 1990 1706 1707 947 879 720 205 472 1113 353 1999 1346 1573 70 1644 1583 1721 1722 1723 1354 28 83 595 715 1374 1730 1731 162 844 747 660 1638 20 875 1134 1582 1245 1372 348 364 1144 235 772 1748 1749 408 948 143 1 547 1647 1756 1540 1848 1759 1760 1639 467 1763 306 112 1766 1471 1768 1581 941 221 1772 1985 1657 1475 1611 571 1645 1319 1412 39 1969 205 815 483 1786 1852 816 1789 469 556 349 651 1722 1178 973 844 9 46 1766 853 917 1121 1924 563 1958 1262 1665 1809 138 1195 1547 853 1076 1676 657 931 928 992 1820 1821 1942 362 1233 875 1768 1827 523 467 348 863 1832 1833 1527 347 1007 45 124 1543 1372 1841 28 1843 33 467 1584 1068 1848 1043 789 1641 1852 1673 1519 1827 815 928 1076 812 138 772 1862 1645 1707 947 1000 1867 337 1639 1149 1020 816 1969 475 1316 1896 849 431 1602 703 772 1820 224 1527 324 1690 1887 1296 1534 1867 1692 495 805 1540 159 1896 1897 112 588 772 544 1064 1947 1904 1960 1005 805 1908 1909 146 841 7 71 1112 1563 192 298 1461 1919 1908 700 1922 1602 1924 764 598 52 794 1749 659 1673 1227 1381 794 321 935 188 1938 1939 275 664 1942 547 1000 1722 198 1947 790 1949 38 1581 1952 864 999 987 40 1149 1958 1959 1960 221 7 198 679 1439 844 446 1692 1969 1308 821 1730 16 1974 1975 1641 703 1942 731 1188 1759 517 473 825 1985 698 1510 1988 790 1990 931 1061 162 1994 1643 431 879 1641 1999
# N_FACS: 456
# INDEXES: 1 7 9 10 16 20 23 24 27 28 29 32 33 38 39 40 45 46 51 52 58 69 70 71 76 83 91 96 97 102 108 112 113 123 124 128 135 136 138 142 143 145 146 157 159 162 166 170 174 181 187 188 192 195 198 205 216 218 221 223 224 235 237 238 246 261 265 266 268 273 275 295 298 299 300 306 308 320 321 324 332 337 340 344 347 348 349 351 353 359 361 362 363 364 365 392 393 398 400 402 408 416 427 431 434 443 446 448 451 453 454 464 466 467 469 472 473 475 483 492 494 495 501 502 506 507 510 515 517 519 520 523 531 532 536 544 547 556 558 563 571 572 583 585 588 590 595 598 599 601 614 620 626 643 645 650 651 656 657 659 660 661 664 679 680 682 692 698 700 703 708 715 720 723 729 730 731 732 747 748 754 755 757 764 765 768 772 775 776 778 789 790 794 795 797 800 803 805 812 813 815 816 819 821 825 827 829 838 840 841 844 846 849 853 855 859 863 864 865 866 875 879 889 890 891 893 898 906 907 917 928 929 931 935 941 942 947 948 957 958 963 971 972 973 985 987 992 994 999 1000 1001 1005 1007 1012 1016 1017 1019 1020 1024 1043 1051 1052 1061 1064 1067 1068 1071 1076 1078 1099 1100 1103 1105 1106 1108 1111 1112 1113 1116 1120 1121 1132 1134 1144 1149 1167 1174 1176 1178 1183 1188 1191 1195 1199 1211 1213 1216 1219 1227 1231 1233 1240 1242 1243 1245 1252 1262 1273 1290 1296 1298 1308 1315 1316 1318 1319 1336 1343 1345 1346 1354 1358 1359 1361 1372 1374 1381 1383 1403 1412 1423 1424 1428 1433 1435 1439 1450 1452 1461 1462 1465 1471 1475 1476 1479 1484 1493 1495 1504 1510 1516 1519 1526 1527 1534 1540 1543 1547 1550 1555 1561 1563 1570 1573 1577 1579 1580 1581 1582 1583 1584 1594 1595 1602 1603 1604 1606 1610 1611 1616 1621 1638 1639 1641 1643 1644 1645 1647 1657 1660 1665 1667 1673 1676 1682 1684 1687 1690 1692 1698 1706 1707 1721 1722 1723 1730 1731 1748 1749 1756 1759 1760 1763 1766 1768 1772 1786 1789 1809 1820 1821 1827 1832 1833 1841 1843 1848 1852 1862 1867 1887 1896 1897 1904 1908 1909 1919 1922 1924 1938 1939 1942 1947 1949 1952 1958 1959 1960 1969 1974 1975 1985 1988 1990 1994 1999 
FAC 1 : 1 60 78 307 1753
FAC 7 : 7 80 226 1912 1962
FAC 9 : 9 153 197 743 1386 1798
FAC 10 : 10 228 669 874
FAC 16 : 16 1973
FAC 20 : 20 274 1125 1415 1440 1477 1551 1737
FAC 23 : 23 178 1271 1608
FAC 24 : 24 1222 1257
FAC 27 : 27 818 965 1023
FAC 28 : 28 1498 1725 1842
FAC 29 : 29 1166 1186
FAC 32 : 32 677 1162 1200
FAC 33 : 33 208 927 1539 1844
FAC 38 : 38 133 285 405 1642 1950
FAC 39 : 39 1781
FAC 40 : 40 1027 1124 1691 1956
FAC 45 : 45 163 824 979 1837
FAC 46 : 46 633 1799
FAC 51 : 51 432 1531
FAC 52 : 52 1235 1411 1927
FAC 58 : 58 911 1239 1303 1306 1458
FAC 69 : 69 403 528 1281
FAC 70 : 70 334 384 937 1429 1631 1718
FAC 71 : 26 71 644 1913
FAC 76 : 76 241 1225 1279 1624
FAC 83 : 83 257 584 647 1726
FAC 91 : 91 410 1150 1169 1432
FAC 96 : 96 1057 1221
FAC 97 : 97 155 244 1253 1586
FAC 102 : 102 116
FAC 108 : 108 253 542 779 868 1569
FAC 112 : 112 383 516 518 1765 1898
FAC 113 : 113 1353 1500
FAC 123 : 123 385 600 1006
FAC 124 : 124 171 234 1632 1838
FAC 128 : 128 190 479 1556
FAC 135 : 135 946 981 1147 1470 1535
FAC 136 : 75 136 589 1126 1574
FAC 138 : 138 1313 1810 1860
FAC 142 : 142 1072 1086 1590
FAC 143 : 143 200 406 1752
FAC 145 : 145 202 913
FAC 146 : 146 201 1910
FAC 157 : 157 207 1322
FAC 159 : 159 1137 1226 1396 1895
FAC 162 : 162 1328 1732 1993
FAC 166 : 166 339
FAC 170 : 170 810 1135
FAC 174 : 11 14 174 1003 1283
FAC 181 : 114 181 487 537 837 1285 1661
FAC 187 : 187 1204 1416 1417
FAC 188 : 188 625 641 1081 1937
FAC 192 : 192 1507 1916
FAC 195 : 195 1443
FAC 198 : 198 551 862 1946 1963
FAC 205 : 205 782 1098 1711 1783
FAC 216 : 216 624 1049 1272
FAC 218 : 218 297 500 1397 1693
FAC 221 : 221 867 1771 1961
FAC 223 : 223 370 435
FAC 224 : 224 1028 1883
FAC 235 : 88 235 503 606 1254 1746
FAC 237 : 237 1320 1490 1588
FAC 238 : 238 1148
FAC 246 : 246 916 1224
FAC 261 : 261 617 808 1077 1182
FAC 265 : 263 265 450 548 668 944 1587
FAC 266 : 266 329 550
FAC 268 : 106 268 426 1140
FAC 273 : 92 164 273 1138 1430
FAC 275 : 275 718 1037 1467 1940
FAC 295 : 295 319 1185 1560
FAC 298 : 298 417 675 1619 1917
FAC 299 : 131 299 663 1287 1553
FAC 300 : 300 327 411 499 602 897
FAC 306 : 306 343 1764
FAC 308 : 150 256 308 1352 1508
FAC 320 : 320 774 1282
FAC 321 : 321 1220 1652 1935
FAC 324 : 107 324 407 493 1165 1605 1885
FAC 332 : 332 802
FAC 337 : 61 337 430 1180 1194 1868
FAC 340 : 340 665 1469
FAC 344 : 344 549 575 959 1029
FAC 347 : 347 1201 1835
FAC 348 : 229 348 1021 1066 1743 1830
FAC 349 : 349 719 1065 1792
FAC 351 : 351 681
FAC 353 : 214 353 873 1714
FAC 359 : 240 359 481 581 1679
FAC 361 : 361 1013 1444 1568
FAC 362 : 203 352 362 877 1131 1141 1823
FAC 363 : 363 480 1151
FAC 364 : 364 1041 1524 1744
FAC 365 : 250 365 952 976 1179 1566 1593
FAC 392 : 345 392 593
FAC 393 : 125 393 749 1293 1347 1662
FAC 398 : 93 398 1046
FAC 400 : 346 400 1664
FAC 402 : 277 402 574 759 1161
FAC 408 : 50 369 408 603 1750
FAC 416 : 416 856 870 1350
FAC 427 : 427 767 1035
FAC 431 : 431 991 1635 1878 1996
FAC 434 : 434 904 989 995
FAC 443 : 443 1143 1171 1190
FAC 446 : 259 386 446 539 1967
FAC 448 : 448 582 702 938 1177 1487 1532
FAC 451 : 451 1686
FAC 453 : 315 453 463 1054 1552
FAC 454 : 454 860 969
FAC 464 : 149 167 464 872 1323 1651
FAC 466 : 62 466 806 1473
FAC 467 : 301 374 467 1512 1659 1762 1829 1845
FAC 469 : 469 960 1438 1790
FAC 472 : 472 762 1062 1133 1623 1712
FAC 473 : 473 736 880 892 1380 1983
FAC 475 : 317 475 1302 1874
FAC 483 : 483 639 788 1785
FAC 492 : 115 492 1523
FAC 494 : 233 389 494 579 915
FAC 495 : 126 423 495 569 1892
FAC 501 : 231 323 501
FAC 502 : 444 502 1089 1378
FAC 506 : 465 506 552 1325
FAC 507 : 140 355 507 1492 1530
FAC 510 : 510 1074 1218
FAC 515 : 47 515 822
FAC 517 : 517 628 1280 1982
FAC 519 : 519 780 839
FAC 520 : 213 520 686 1095 1197
FAC 523 : 523 1828
FAC 531 : 230 442 531 940
FAC 532 : 491 532 734 1259 1387
FAC 536 : 536 1060 1157 1331 1480 1633
FAC 544 : 544 652 1901
FAC 547 : 547 1754 1943
FAC 556 : 185 281 422 461 556 1042 1675 1791
FAC 558 : 412 558 615
FAC 563 : 563 587 826 1805
FAC 571 : 3 194 196 571 676 1203 1777
FAC 572 : 89 105 572
FAC 583 : 583 658 1575
FAC 585 : 585 1341 1356 1426
FAC 588 : 21 588 769 836 1899
FAC 590 : 77 535 590
FAC 595 : 595 618 847 1173 1727
FAC 598 : 248 598 1402 1454 1926
FAC 599 : 289 599 760 1533
FAC 601 : 191 449 527 601 1327 1355 1497
FAC 614 : 129 614 1294 1400
FAC 620 : 554 620 1164 1446
FAC 626 : 156 204 243 626 685 894
FAC 643 : 81 643 1589
FAC 645 : 249 645 986 1031 1097 1284 1390 1637
FAC 650 : 650 832 1056 1266 1649
FAC 651 : 651 1309 1545 1793
FAC 656 : 656 662 1039 1363
FAC 657 : 657 1816
FAC 659 : 659 724 773 895 1614 1930
FAC 660 : 331 637 660 1145 1735
FAC 661 : 41 661 1596
FAC 664 : 664 722 1033 1236 1694 1941
FAC 679 : 541 629 679 697 1014 1964
FAC 680 : 37 304 680 993 1288 1541
FAC 682 : 182 682 883 1441
FAC 692 : 692 932 1214
FAC 698 : 350 698 1142 1697 1986
FAC 700 : 700 801 988 1921
FAC 703 : 703 1880 1977
FAC 708 : 490 708 728 1038 1636
FAC 715 : 270 509 715 1410 1728
FAC 720 : 720 1710
FAC 723 : 2 553 723 1537
FAC 729 : 729 998 1379 1414
FAC 730 : 557 727 730 1483
FAC 731 : 65 721 731 961 1234 1979
FAC 732 : 508 732 1382
FAC 747 : 460 646 747 964 1734
FAC 748 : 612 748 934 1622
FAC 754 : 236 683 754 823
FAC 755 : 755 1267 1391
FAC 757 : 59 121 471 757
FAC 764 : 30 688 764 1342 1925
FAC 765 : 573 765 1175 1592
FAC 768 : 768 1018 1362 1536
FAC 772 : 53 690 772 1118 1615 1747 1861 1881 1900
FAC 775 : 534 775 1044 1206 1337
FAC 776 : 559 776
FAC 778 : 390 778 1091 1128
FAC 789 : 119 789 878 921 1299 1850
FAC 790 : 790 912 1620 1948 1989
FAC 794 : 597 794 857 1229 1928 1934
FAC 795 : 262 356 795
FAC 797 : 671 797 1491 1521
FAC 800 : 394 800 1073 1090 1351
FAC 803 : 666 750 803 811 1349
FAC 805 : 18 805 1045 1276 1365 1893 1907
FAC 812 : 5 110 258 296 328 543 812 1264 1859
FAC 813 : 511 813 980
FAC 815 : 815 1784 1856
FAC 816 : 816 1481 1788 1872
FAC 819 : 177 819 1301 1389 1607
FAC 821 : 326 821 1971
FAC 825 : 94 825 1334 1520 1554 1984
FAC 827 : 827 954 1002 1215 1270
FAC 829 : 829 1040
FAC 838 : 294 838 1421
FAC 840 : 840 902 1258
FAC 841 : 841 852 1205 1420 1911
FAC 844 : 844 1026 1230 1456 1733 1797 1966
FAC 846 : 648 846 1364
FAC 849 : 291 849 1087 1172 1877
FAC 853 : 580 853 1083 1109 1246 1801 1813
FAC 855 : 561 855 1009
FAC 859 : 859 1241 1422
FAC 863 : 151 525 667 863 1831
FAC 864 : 271 864 1286 1953
FAC 865 : 865 1503
FAC 866 : 152 763 866 990 1332
FAC 875 : 875 882 1689 1738 1825
FAC 879 : 206 596 879 1335 1464 1709 1997
FAC 889 : 889 1366 1466
FAC 890 : 890 1008 1255
FAC 891 : 212 459 891 962 1434
FAC 893 : 220 632 893 1094 1146
FAC 898 : 86 154 592 619 898 1011
FAC 906 : 397 906 1193 1238 1442 1613
FAC 907 : 907
FAC 917 : 54 172 567 917 966 1317 1802
FAC 928 : 179 425 909 928 1115 1630 1818 1857
FAC 929 : 409 751 929
FAC 931 : 183 433 931 1817 1991
FAC 935 : 858 935 1936
FAC 941 : 478 737 941 1305 1360 1770
FAC 942 : 25 942 1189 1395
FAC 947 : 711 943 947 1184 1625 1708 1865
FAC 948 : 608 948 1260 1455 1751
FAC 957 : 264 280 336 375 504 704 957
FAC 958 : 251 958 1079
FAC 963 : 828 963 1629
FAC 971 : 314 684 745 971 1088
FAC 972 : 972 1304
FAC 973 : 169 701 973 1796
FAC 985 : 290 741 744 985
FAC 987 : 366 635 987 1955
FAC 992 : 252 437 905 992 1160 1445 1609 1819
FAC 994 : 173 994 1459
FAC 999 : 456 999 1277 1954
FAC 1000 : 333 739 1000 1866 1944
FAC 1001 : 429 545 609 1001 1369 1376 1488 1598
FAC 1005 : 254 358 371 395 1005 1906
FAC 1007 : 488 705 908 1007 1269 1836
FAC 1012 : 82 565 699 1012
FAC 1016 : 1016 1059 1669
FAC 1017 : 325 455 1017 1058
FAC 1019 : 49 388 1019 1093
FAC 1020 : 98 1020 1529 1871
FAC 1024 : 176 784 967 1024 1265
FAC 1043 : 939 1043 1377 1849
FAC 1051 : 279 695 1051
FAC 1052 : 673 884 1052 1357 1413
FAC 1061 : 391 1061 1992
FAC 1064 : 621 1064 1092 1902
FAC 1067 : 31 165 1030 1067 1102
FAC 1068 : 716 1068 1597 1847
FAC 1071 : 272 1071 1406 1518
FAC 1076 : 322 342 1076 1485 1814 1858
FAC 1078 : 312 1069 1078
FAC 1099 : 282 607 1099
FAC 1100 : 42 99 420 871 955 1100
FAC 1103 : 222 636 1103 1129 1572
FAC 1105 : 111 382 484 591 792 1105 1542
FAC 1106 : 239 1106 1489 1674
FAC 1108 : 367 530 622 1108 1123
FAC 1111 : 881 951 1111 1297
FAC 1112 : 311 1112 1339 1509 1585 1914
FAC 1113 : 73 1113 1198 1494 1695 1713
FAC 1116 : 817 1116 1139 1278
FAC 1120 : 283 1120 1449
FAC 1121 : 674 1121 1803
FAC 1132 : 576 670 975 1127 1132 1181
FAC 1134 : 604 1134 1739
FAC 1144 : 74 982 1085 1144 1154 1409 1618 1745
FAC 1149 : 978 1149 1870 1957
FAC 1167 : 707 914 933 1107 1167
FAC 1174 : 43 1174 1207
FAC 1176 : 127 186 293 305 538 1176
FAC 1178 : 210 245 512 752 1178 1795
FAC 1183 : 34 1183 1228 1392
FAC 1188 : 211 638 1188 1980
FAC 1191 : 219 678 740 945 1191 1348 1548 1683
FAC 1195 : 64 623 786 1195 1811
FAC 1199 : 440 793 1199 1559
FAC 1211 : 189 414 1211 1634
FAC 1213 : 1213 1261
FAC 1216 : 1055 1210 1216
FAC 1219 : 269 833 922 949 1219 1263 1326
FAC 1227 : 742 1122 1227 1329 1932
FAC 1231 : 288 474 996 1231
FAC 1233 : 338 1233 1824
FAC 1240 : 227 950 1240 1666
FAC 1242 : 103 1242
FAC 1243 : 1243 1453 1522 1544
FAC 1245 : 209 756 1245 1741
FAC 1252 : 287 354 693 1192 1252 1367 1425 1436
FAC 1262 : 148 861 1262 1807
FAC 1273 : 147 845 1273 1681
FAC 1290 : 1290 1460
FAC 1296 : 1296 1888
FAC 1298 : 438 781 820 1298
FAC 1308 : 733 910 1308 1549 1970
FAC 1315 : 313 1315 1427 1672 1678 1696
FAC 1316 : 1316 1601 1875
FAC 1318 : 899 1232 1318 1627
FAC 1319 : 848 1247 1319 1779
FAC 1336 : 578 1336 1340 1371
FAC 1343 : 137 714 1343 1463
FAC 1345 : 79 452 1345
FAC 1346 : 387 1168 1346 1716
FAC 1354 : 85 1212 1354 1724
FAC 1358 : 787 842 1358
FAC 1359 : 1048 1359 1468
FAC 1361 : 63 522 1361 1513 1538 1612
FAC 1372 : 605 1159 1372 1564 1742 1840
FAC 1374 : 1237 1292 1368 1374 1729
FAC 1381 : 413 758 930 1153 1373 1381 1933
FAC 1383 : 278 418 696 1383
FAC 1403 : 441 1070 1291 1399 1403 1437
FAC 1412 : 104 746 1187 1412 1780
FAC 1423 : 1136 1423
FAC 1424 : 886 1424 1656
FAC 1428 : 1110 1338 1428
FAC 1433 : 199 485 1433
FAC 1435 : 1080 1314 1435
FAC 1439 : 1333 1431 1439 1965
FAC 1450 : 546 1330 1450 1546
FAC 1452 : 35 1375 1452
FAC 1461 : 694 1461 1918
FAC 1462 : 377 1196 1462
FAC 1465 : 1465
FAC 1471 : 918 1289 1471 1767
FAC 1475 : 956 977 1475 1680 1775
FAC 1476 : 458 468 476 920 1307 1476 1653
FAC 1479 : 436 1010 1032 1034 1223 1479 1626
FAC 1484 : 109 292 303 796 1484
FAC 1493 : 141 1493 1557
FAC 1495 : 67 225 404 1096 1495
FAC 1504 : 87 1404 1504 1699
FAC 1510 : 330 613 850 1510 1685 1987
FAC 1516 : 514 560 1516
FAC 1519 : 1300 1519 1854
FAC 1526 : 160 885 1526
FAC 1527 : 1158 1527 1834 1884
FAC 1534 : 44 1501 1534 1591 1889
FAC 1540 : 717 901 1540 1757 1894
FAC 1543 : 457 689 738 1022 1543 1839
FAC 1547 : 372 1547 1812
FAC 1550 : 72 428 1550 1576
FAC 1555 : 814 1050 1104 1155 1555
FAC 1561 : 161 1344 1561
FAC 1563 : 586 1015 1082 1563 1915
FAC 1570 : 184 804 923 1388 1570
FAC 1573 : 232 900 1573 1702 1717
FAC 1577 : 134 610 1577
FAC 1579 : 168 401 687 1579
FAC 1580 : 505 672 712 1419 1580 1670
FAC 1581 : 100 1119 1581 1769 1951
FAC 1582 : 1447 1582 1740
FAC 1583 : 1583 1720
FAC 1584 : 36 1274 1457 1525 1584 1703 1846
FAC 1594 : 15 594 1117 1594
FAC 1595 : 399 691 1370 1451 1595
FAC 1602 : 381 486 1249 1602 1879 1923
FAC 1603 : 8 335 809 1384 1603
FAC 1604 : 843 1114 1448 1604 1646
FAC 1606 : 526 1606
FAC 1610 : 120 1474 1610 1617
FAC 1611 : 276 798 1036 1502 1506 1611 1776
FAC 1616 : 158 653 1025 1393 1496 1616
FAC 1621 : 175 649 1621
FAC 1638 : 247 447 1638 1736
FAC 1639 : 267 373 555 1639 1761 1869
FAC 1641 : 48 710 968 1217 1578 1641 1851 1976 1998
FAC 1643 : 101 482 851 1248 1643 1995
FAC 1644 : 95 462 1644 1650 1701 1719
FAC 1645 : 1645 1778 1863
FAC 1647 : 498 513 785 1647 1755
FAC 1657 : 419 1657 1774
FAC 1660 : 0 6 1660
FAC 1665 : 566 835 1321 1665 1808
FAC 1667 : 1667 1668
FAC 1673 : 709 761 1244 1673 1853 1931
FAC 1676 : 706 1517 1676 1815
FAC 1682 : 57 726 903 1682
FAC 1684 : 470 771 830 869 1671 1684 1704
FAC 1687 : 1209 1405 1687
FAC 1690 : 360 1690 1886
FAC 1692 : 90 260 1692 1891 1968
FAC 1698 : 180 193 1698
FAC 1706 : 56 564 655 1706
FAC 1707 : 1707 1864
FAC 1721 : 84 1721
FAC 1722 : 1567 1722 1794 1945
FAC 1723 : 12 1700 1723
FAC 1730 : 4 122 616 1152 1312 1730 1972
FAC 1731 : 130 341 415 445 521 1047 1562 1731
FAC 1748 : 421 1599 1688 1748
FAC 1749 : 139 1407 1628 1749 1929
FAC 1756 : 725 1311 1401 1600 1756
FAC 1759 : 1250 1759 1981
FAC 1760 : 144 770 926 1084 1511 1760
FAC 1763 : 568 630 634 1163 1268 1486 1763
FAC 1766 : 477 936 1472 1766 1800
FAC 1768 : 1654 1768 1826
FAC 1772 : 831 1101 1528 1772
FAC 1786 : 378 439 497 524 777 984 1786
FAC 1789 : 217 631 854 1004 1789
FAC 1809 : 284 1256 1809
FAC 1820 : 974 1820 1882
FAC 1821 : 791 925 1677 1821
FAC 1827 : 286 577 1130 1827 1855
FAC 1832 : 753 1832
FAC 1833 : 19 1170 1208 1655 1833
FAC 1841 : 1408 1482 1841
FAC 1843 : 22 357 766 1843
FAC 1848 : 713 919 1758 1848
FAC 1852 : 396 1478 1787 1852
FAC 1862 : 215 970 1053 1862
FAC 1867 : 1295 1558 1867 1890
FAC 1887 : 1514 1887
FAC 1896 : 896 1876 1896
FAC 1897 : 783 888 953 1075 1897
FAC 1904 : 654 1505 1904
FAC 1908 : 640 924 1908 1920
FAC 1909 : 376 627 876 1202 1909
FAC 1919 : 66 380 540 735 1919
FAC 1922 : 255 834 1515 1922
FAC 1924 : 118 887 1658 1804 1924
FAC 1938 : 529 1398 1571 1938
FAC 1939 : 611 1310 1939
FAC 1942 : 642 1324 1822 1942 1978
FAC 1947 : 1648 1903 1947
FAC 1949 : 17 570 997 1251 1949
FAC 1952 : 68 533 799 1156 1663 1952
FAC 1958 : 489 1385 1806 1958
FAC 1959 : 55 242 309 379 1959
FAC 1960 : 132 1905 1960
FAC 1969 : 496 1565 1782 1873 1969
FAC 1974 : 368 1974
FAC 1975 : 302 807 1975
FAC 1985 : 562 1394 1418 1773 1985
FAC 1988 : 310 424 1499 1988
FAC 1990 : 1063 1275 1705 1990
FAC 1994 : 13 117 316 983 1640 1994
FAC 1999 : 318 1715 1999
