== PROBLEM ==
# N_FACILITIES: 2500
# N_CLIENTS: 2500
# SIZE_RESTRICTION_MINIMUM: -1
# SIZE_RESTRICTION_MAXIMUM: -1

== RUN DATA ==
# FILTER: BETTER_THAN_ALL_PARENTS (3)
# TARGET_SOLS: 1
# PRECOMP_CLIENT_OPTIMAL_GAIN: 0.000000
# N_THREADS: 4
# SELECT_ONLY_TERMINAL: 1
# LOCAL_SEARCH: SWAP_RESENDE_WERNECK
# LOCAL_SEARCH_BEFORE_SELECT: 1
# LOCAL_SEARCH_REM_MOVEMENT: 1
# LOCAL_SEARCH_ADD_MOVEMENT: 1
# BRANCHING_FACTOR: 8
# BRANCHING_FACTOR_CORRECTION: 1
# PATH_RELINKING: PATH_RELINKING_UNTIL_NO_BETTER
# PATH_RELINKING_LOCAL_SEARCH: SWAP_RESENDE_WERNECK
# RANDOM_SEED: 1621838065
# RESTARTS: 1
# VERBOSE: 0
# BRANCH_AND_BOUND: 0 (deprecated)
# LOWER_BOUND: -1347516.000000 

# REDUCTION: sdbs+:100:mgesum _best:200
# INPUT_FILE: "problems_kmedian_original/2500-100"
# CPU_TIME: 490.470001
# ELAPSED: 133.163147
# VIRT_MEM_PEAK_KB: 1253088
# TOTAL_ITERATIONS: 117

== LOCAL SEARCH INFO ==
# LOCAL_SEARCH_CPU_TIME: 252.240000
# N_LOCAL_SEARCHES: 23794
# AVG_LOCAL_SEARCH_MOVES: 9.676221

== PATH RELINKING INFO ==
# PATH_RELINKING_CPU_TIME: 190.640000
== FIRST RESTART INFO ==
# FIRST_ITERATIONS: 117
# FIRST_PER_SIZE_SOLS:             1    800    800    799    800    800    799    799    797    798    798    799    794    791    793    791    783    788    783    781    783    779    778    776    772    768    763    765    755    748    745    734    734    721    724    719    712    694    700    699    674    680    648    667    626    636    643    612    613    604    585    582    568    539    539    537    546    526    492    493    476    469    461    445    440    448    427    397    361    350    355    336    327    344    321    303    294    296    259    268    261    248    229    225    214    203    196    214    184    181    156    173    173    152    148    130    122    119    132    129    117    111    118    105    107    106     87     81     72     48     26     15     14      8      4      1      2
# FIRST_PER_SIZE_SOLS_RED:         1    100    100    100    100    100    100    100    100    100    100    100    100    100    100    100    100    100    100    100    100    100    100    100    100    100    100    100    100    100    100    100    100    100    100    100    100    100    100    100    100    100    100    100    100    100    100    100    100    100    100    100    100    100    100    100    100    100    100    100    100    100    100    100    100    100    100    100    100    100    100    100    100    100    100    100    100    100    100    100    100    100    100    100    100    100    100    100    100    100    100    100    100    100    100    100    100    100    100    100    100    100    100    100    100    100     87     81     72     48     26     15     14      8      4      1      2
# FIRST_PER_SIZE_LOCAL_OPT:        0      0      0      0      0      0      0      0      0      0      0      0      0      0      0      0      0      0      0      0      0      0      0      0      0      0      0      0      0      0      0      0      0      0      0      0      0      0      0      0      0      0      0      0      0      0      0      0      0      0      0      0      0      0      0      0      0      0      0      0      0      0      0      0      0      0      0      0      0      0      0      0      0      0      0      0      0      0      0      0      0      0      0      0      0      0      0      0      0      0      0      0      0      0      0      0      0      0      0      0      0      0      0      0      0      0      0      0      0      0      0      0      0      0      0      0      0

== PER RESTART INFO ==
# RST        0 -1347516.000000 490.470000

== SOLUTIONS DATA ==
# OUTPUT_SOLUTIONS: 1

== SOLUTION ==
# VALUE: -1347516.000000
# ASSIGNS: 0 1932 463 1931 4 2111 612 1949 1219 1813 2371 1246 1518 13 119 807 1266 1202 2490 322 2490 1898 22 2420 1464 1041 671 1094 2434 1282 1787 845 664 717 2063 609 0 2436 1139 221 1783 283 2490 1001 460 1246 2471 542 766 2434 1246 103 951 1742 54 1993 1518 1783 58 1506 664 492 2443 438 431 0 1282 1993 1467 1993 609 1932 482 1005 2420 1228 807 482 1709 927 1139 2267 1484 717 2371 2267 4 1993 119 2443 2471 664 1793 1005 1417 1127 1127 2111 2125 1742 1677 1127 1932 103 1219 2175 508 1094 1467 664 482 2443 1139 307 2408 1266 1001 1484 1709 119 1464 766 542 2420 1572 609 477 1787 307 1464 1813 807 1127 1015 431 211 482 1219 438 2471 2434 2267 671 1742 1252 22 221 322 148 1228 1219 2137 1709 2111 1127 1266 1783 1845 1041 609 609 1783 162 1484 499 58 1993 1609 1982 2137 2111 951 766 103 2443 609 1848 1898 1334 845 22 185 58 1793 542 185 1793 579 807 1604 2175 2371 2471 463 664 221 1604 460 1604 612 2162 463 492 1252 612 2045 2371 1127 322 1982 2175 211 532 951 664 833 1742 2408 609 1228 388 221 482 1572 2267 1467 1417 2443 2408 1932 2162 1813 1228 1604 2175 1448 1005 1793 431 2420 1374 664 2111 1127 463 612 2137 477 951 1202 460 2434 2045 1737 1677 807 1898 185 1931 1738 951 22 2137 1783 388 58 2111 2434 542 2063 103 4 1266 477 1793 1898 22 1246 664 431 1709 221 1609 283 1895 2063 1467 13 2436 1417 322 2162 1738 2434 1094 833 2063 951 460 477 1895 1228 1677 1041 1931 1949 54 307 1813 766 579 1219 1246 1993 1848 1094 1291 1219 845 492 2371 1448 322 1448 1374 833 1604 1993 1506 2267 463 1677 1219 579 460 1266 499 13 1677 463 1709 1982 13 148 1898 1467 1001 807 1467 431 1282 1604 119 1228 2420 1793 58 1282 1931 1374 766 1246 1334 1228 119 1813 542 1895 1518 1015 58 612 1252 1484 2420 1219 22 103 492 1219 22 2371 2111 927 2408 0 119 22 388 1094 431 499 162 1738 927 148 927 1738 612 1931 2443 2267 54 717 2125 499 2420 927 460 631 1982 1139 1742 1282 671 2162 307 1737 499 1374 1932 1518 211 58 1783 1127 542 1139 1898 185 1787 431 2434 1417 1417 1895 1005 283 438 58 612 13 1518 0 1139 1609 1448 492 2436 1709 13 1982 542 460 13 807 1506 2471 1949 2125 460 2490 307 463 1895 388 283 1001 492 4 103 1709 1783 1448 2443 1252 1677 477 1005 766 2137 119 482 2436 2267 1041 1246 671 2175 1246 1127 1094 492 2371 1291 2063 1334 162 2162 499 664 1334 2175 103 1015 58 609 2434 508 631 221 54 1334 162 2471 1228 1041 58 438 58 1993 119 2162 1094 460 542 1467 2436 2490 1001 1895 532 532 119 1709 1572 2434 1931 119 807 532 13 542 2436 22 1813 532 185 283 58 1139 1202 162 2267 438 1931 185 2267 1604 4 1417 508 1374 2471 1783 1932 1677 1848 1448 482 1464 1737 1041 1982 631 1467 717 1005 609 579 431 1677 1932 2471 307 2125 1001 807 1484 103 1677 1604 1094 2267 1464 1572 1219 1677 1417 1464 492 322 2125 927 717 2443 2420 1484 2111 609 431 148 612 22 664 2125 612 1005 1246 119 1793 2434 1895 631 1448 1845 1677 119 431 22 1813 631 388 1127 664 1041 119 460 477 1949 1993 2063 1127 1001 283 1228 438 1982 1895 221 1793 2434 2137 2443 1448 463 1845 211 1506 431 438 845 951 2063 664 1572 1282 1252 1374 1291 162 671 221 1982 185 1219 1506 388 807 1464 2045 1005 1783 0 845 1506 2175 1982 2111 2162 1931 1845 307 1604 508 2371 2471 2125 1572 0 833 2471 2490 1783 833 1845 1783 1895 2045 2045 609 631 1484 13 1572 1604 2436 717 2490 1506 612 438 492 2490 119 1932 1246 508 438 322 1448 438 1898 542 2436 499 1291 612 951 766 1932 1219 54 1464 499 438 1374 2137 2490 1417 1246 1041 162 664 477 1518 951 2420 2408 833 431 2490 717 283 482 532 766 1139 717 1484 283 1094 2434 482 2420 833 1005 1041 2420 0 1252 463 1572 1139 1467 1291 4 2420 1787 1282 833 2443 508 2471 1228 717 1572 1467 388 2045 431 1467 1334 162 0 2162 1982 807 2162 542 1448 845 1266 1417 1001 1898 807 2443 717 766 807 2436 388 579 1787 13 2408 2137 1742 2045 221 103 1374 833 1334 54 717 2434 579 1949 1252 283 1139 283 1518 845 1813 631 1609 221 1228 1572 2111 1572 388 609 1282 2137 431 951 1001 54 1334 2125 492 2125 579 1001 717 2162 221 951 542 2045 431 185 833 119 2267 1464 2371 1041 283 1015 119 431 499 1246 1742 2443 2490 1448 1787 1005 612 1677 283 148 1572 1813 499 388 1793 1518 609 671 1219 508 2371 1793 1793 0 1931 1709 307 438 211 2125 58 532 1467 1334 283 1374 4 499 2420 927 2490 1334 1467 1518 612 833 2371 460 1609 2045 162 1898 1252 2162 717 1787 2162 185 1464 664 1252 1949 1709 951 1202 508 1266 1374 1467 2490 1005 1787 1895 1506 1604 508 477 460 438 1041 1845 1282 477 1282 1484 2490 2436 307 1572 0 1202 1709 1417 1506 1845 542 2137 162 1291 1787 58 2434 1742 1931 1793 2490 1787 1709 2111 0 162 1737 1737 1001 2175 2063 951 1005 1931 388 1015 463 1282 1015 438 2408 1949 1015 1895 2267 1783 532 1127 2490 2045 1334 1266 22 1001 431 1448 1931 1015 845 1506 1931 1374 119 1993 221 1005 2443 664 1041 612 2434 1898 717 833 2125 542 1931 766 2443 1737 477 0 1848 2436 717 307 2137 54 717 951 2111 1467 1094 664 1041 1993 1677 1464 631 2434 1334 1219 148 13 1506 2137 1793 492 283 1845 532 1787 1604 2162 1139 631 211 1931 322 2371 2063 1094 766 579 4 1005 1787 1709 1931 0 1604 460 927 22 283 119 631 438 13 508 2125 185 1931 1742 477 766 221 1252 833 0 1787 1604 2162 2443 1127 671 1202 1252 1448 13 1572 1506 1334 162 542 148 1139 1787 1982 2137 431 1609 162 1041 2045 13 1993 1848 22 492 1742 1001 1848 1001 322 307 609 58 1518 1845 431 1467 4 1709 1127 1506 482 2420 532 54 438 1001 1448 1484 1949 1993 1506 2371 119 1993 1282 221 1228 1506 283 148 283 1252 671 2137 2063 2063 1001 1572 162 1709 1417 1015 927 1202 579 1783 1041 1518 1467 1982 2443 2175 307 2137 2434 1737 1005 13 1202 951 1219 283 13 2137 579 492 2175 532 1228 1228 671 1448 1001 463 431 1604 1609 438 1484 482 1228 1334 4 1417 1993 1787 4 1246 1005 1845 1742 58 283 1252 2125 2420 1742 717 1467 2408 1015 1609 1518 1246 1738 1374 2443 1266 1467 1484 1127 2137 1982 119 148 58 1932 508 2371 1506 2175 2137 1291 1282 2063 1709 1737 2137 1895 766 1677 22 1291 499 492 1848 2045 103 1467 185 307 833 1787 532 1228 283 845 283 532 431 1291 1709 2063 2125 1787 1448 1291 438 477 609 1127 1139 1202 717 664 1848 717 1246 2111 2434 1737 438 162 1202 1246 1334 0 1738 1993 579 1219 388 2490 1484 2436 185 845 1467 2111 1094 2490 1609 1484 807 4 1448 1094 664 1506 927 612 463 1246 211 322 1041 1949 2490 2471 499 1787 1374 1266 2443 1931 1374 609 1737 1467 2063 1737 1737 1484 1993 1737 1932 1252 2137 22 1448 845 1604 1793 664 1898 1228 4 1604 58 1202 833 1738 927 1041 1282 2063 951 492 2371 1094 631 927 1252 1783 1228 1246 1845 1448 1417 211 2490 1604 1282 1845 1291 1484 2436 1898 951 2408 211 162 148 609 2162 13 2434 1202 542 1506 2267 1993 1982 185 612 388 1709 148 431 1448 2045 2137 0 1949 1246 579 1609 482 717 482 22 1709 532 1246 1417 1464 185 13 1467 1932 1738 671 221 1783 322 162 579 1738 1484 542 1464 492 2408 927 1932 1484 1898 1982 2162 1094 2420 2436 1228 2420 1334 1572 1742 1448 671 766 1738 1982 2137 508 2434 2045 1848 1506 1252 1228 1005 1015 1139 766 1246 1139 1266 1783 1609 1518 162 185 1041 1041 22 1518 54 103 103 2436 2125 1932 1931 1467 492 1417 1848 492 609 1506 631 162 1417 2175 1417 431 1932 1931 1609 1932 1932 58 1895 1813 499 1572 283 1041 2408 508 1742 322 1228 1219 1931 1572 22 388 2371 1448 463 766 2434 1572 477 1572 532 482 119 542 54 664 1005 2371 1604 1467 2137 2436 1219 1228 1464 162 927 1898 1738 631 307 579 766 1228 1139 1793 1738 211 1417 1604 766 1041 460 1518 1609 671 1949 833 1737 1738 1266 162 2175 664 388 1467 1709 1787 2111 322 1895 221 951 58 1228 482 1982 1931 1127 283 845 1015 542 2063 1709 1604 2137 1334 1932 612 1848 2420 532 1931 1813 1572 2436 2162 1334 1609 438 2111 2434 542 1484 482 1252 1677 438 1094 951 477 1001 1742 322 283 2408 508 1993 1572 119 2267 1677 1783 283 1609 1266 322 431 1604 1448 2162 2371 1932 1677 322 1848 477 807 2443 54 13 542 103 54 1949 1001 1228 2045 1506 13 1742 833 1982 1709 1417 1604 1677 1848 482 1464 119 283 1266 1282 1246 1282 1506 2111 1219 1793 1813 1266 162 1266 460 2408 463 845 2045 1127 508 1737 1738 492 1246 1202 1742 13 54 1898 431 1845 1737 54 2162 22 2408 1001 2162 463 1572 532 1604 103 1898 2162 119 388 579 2267 1282 2045 2434 1228 2371 717 1484 283 185 2434 283 2434 671 1737 307 307 54 1783 508 1291 2125 1787 1793 609 927 664 1982 1793 463 211 1127 1005 508 508 1738 1949 1417 1001 1518 2436 1202 1094 148 1219 1139 1813 438 1813 1709 1993 1374 1793 1848 499 499 1518 1464 477 1783 1246 927 1848 1266 119 54 0 307 1228 162 2434 1932 1993 1005 1993 499 1484 1464 1246 1932 1845 1266 2111 1848 1484 1291 951 2267 0 185 460 1005 1001 2162 1374 1932 162 2045 2063 1982 833 1738 1709 148 1931 833 119 542 322 542 4 2434 609 612 1252 221 477 671 1813 492 58 1895 2063 185 1464 221 1506 532 460 119 1895 951 1737 1898 2111 508 13 307 1417 2175 2162 103 2471 1374 1291 1845 58 1001 13 1932 927 1266 119 2267 1291 4 1518 951 1848 508 1609 631 2125 1895 845 2471 1931 1932 542 2420 477 1219 2471 1993 2063 612 1737 1813 1252 58 508 438 1898 1848 1949 1895 717 579 1982 1677 1793 2371 2125 1949 1609 119 58 2371 1609 1709 2267 1895 1139 1202 1015 1094 162 1484 1417 1291 492 4 283 927 2408 1506 307 1982 322 1949 1219 2267 2420 58 1932 1783 185 431 1993 221 1845 460 438 1738 221 460 1898 388 2408 148 1246 482 1374 2063 1677 2063 1813 1793 1015 2436 1282 1001 499 1898 1787 148 927 2443 1252 388 1228 1334 1015 1737 0 807 1604 1506 1094 664 671 1506 322 664 1202 22 1709 2162 579 1845 2045 103 1506 2137 2125 1334 1787 283 492 463 1709 162 532 2063 1246 2436 766 807 2063 2371 1291 1572 2436 1127 1742 499 148 2443 1374 211 211 2490 532 1139 1845 1572 2408 1737 1609 833 1506 54 460 845 2420 1246 13 1094 2434 13 2443 1572 1228 54 482 1005 1005 4 671 631 1931 283 1015 438 2125 2267 2111 671 492 283 1266 162 671 1518 807 1467 833 1127 1464 2137 2125 1898 307 1467 1417 283 1737 1898 1783 2408 1094 1895 2137 1467 1417 460 1041 388 1787 2063 766 1219 717 162 1228 2045 148 1742 631 162 307 1202 1783 13 1334 807 221 2162 1374 717 1246 1127 322 1246 1737 1464 2267 1506 1202 1139 2175 845 0 807 1709 1949 54 1845 2111 482 103 119 1738 1793 671 2490 1982 185 951 1228 1094 1931 463 431 833 482 22 1417 1001 463 807 2175 431 1005 1041 717 631 307 211 1709 460 1793 221 1094 1895 1572 1202 664 388 1604 58 1993 1813 508 13 438 542 1677 2371 1139 1895 1793 1737 148 1931 845 1266 2471 2111 2175 460 1982 1813 807 2162 221 2045 2490 438 1219 2111 2443 609 609 1334 1228 431 1334 460 482 460 388 2267 221 2111 1813 609 2471 211 2137 1982 54 431 103 2436 463 431 1464 1005 1572 508 2436 2137 4 1518 1202 1982 2162 664 1898 1783 2137 2063 766 1898 1609 482 1506 1572 211 845 307 460 1793 1738 1467 2045 2471 1932 1005 2045 609 1015 322 1139 54 1001 671 1417 307 1742 2125 1041 1202 1506 477 1448 1898 609 1848 1228 1374 2267 542 927 1787 1464 1677 1041 2045 283 1518 460 463 1291 477 664 2063 766 1898 1291 1609 148 1374 2471 664 22 1609 1949 1467 1709 1005 1609 1139 1709 22 2371 1417 2420 2471 951 609 463 1848 1266 1993 1219 1709 2420 1787 1677 579 1949 1604 1993 1139 1291 0 1202 1448 532 1787 1334 0 185 833 1464 58 1139 1572 612 1448 103 2408 542 1291 1738 2267 460 1448 1041 2443 542 609 2045 2420 1813 807 1094 1127 1895 4 162 1374 1709 162 1252 1572 1417 2434 1334 2436 0 631 1506 1793 612 22 2443 119 2434 1709 1848 1572 1895 2408 22 1041 2125 58 1094 2490 1742 927 477 1127 927 1001 1949 1931 283 612 307 1737 460 2125 2471 499 0 482 431 951 1467 1848 283 845 664 631 1139 1291 1005 833 22 1845 1949 2490 1252 766 1448 1506 148 1005 221 1609 2490
# N_FACS: 102
# INDEXES: 0 4 13 22 54 58 103 119 148 162 185 211 221 283 307 322 388 431 438 460 463 477 482 492 499 508 532 542 579 609 612 631 664 671 717 766 807 833 845 927 951 1001 1005 1015 1041 1094 1127 1139 1202 1219 1228 1246 1252 1266 1282 1291 1334 1374 1417 1448 1464 1467 1484 1506 1518 1572 1604 1609 1677 1709 1737 1738 1742 1783 1787 1793 1813 1845 1848 1895 1898 1931 1932 1949 1982 1993 2045 2063 2111 2125 2137 2162 2175 2267 2371 2408 2420 2434 2436 2443 2471 2490 
FAC 0 : 0 36 65 385 443 683 699 779 804 911 977 997 1054 1102 1122 1335 1451 1831 1853 2029 2177 2392 2398 2437 2473
FAC 4 : 4 86 271 469 559 786 924 1097 1165 1241 1245 1353 1395 1875 1920 1976 2102 2288 2426
FAC 13 : 13 287 337 342 441 450 454 541 713 825 1076 1111 1132 1148 1216 1221 1434 1466 1696 1705 1743 1901 1913 2091 2094 2158 2229
FAC 22 : 22 145 180 261 276 376 380 387 544 613 629 1025 1106 1151 1290 1387 1459 1523 1565 1751 2040 2201 2361 2370 2442 2451 2487
FAC 54 : 54 306 402 511 742 835 861 1060 1172 1525 1579 1695 1699 1744 1749 1782 1830 2086 2098 2181 2276 2320
FAC 58 : 58 165 182 265 356 370 423 439 505 517 519 549 918 988 1160 1250 1274 1397 1550 1628 1885 1911 1944 1961 1988 2225 2402 2454
FAC 103 : 51 103 173 270 377 470 503 589 831 1296 1526 1527 1698 1759 1906 2046 2185 2278 2407
FAC 119 : 14 88 119 352 364 386 481 521 533 538 619 627 636 724 877 884 1035 1108 1181 1272 1577 1675 1716 1762 1829 1871 1894 1917 1960 2186 2444
FAC 148 : 148 343 395 611 897 1075 1138 1188 1273 1431 1446 1808 1868 2004 2020 2071 2151 2238 2357 2495
FAC 162 : 162 392 497 513 552 670 752 803 938 985 998 1136 1145 1197 1331 1430 1474 1519 1540 1590 1616 1728 1834 1861 1971 2056 2116 2148 2154 2427 2430
FAC 185 : 181 185 257 429 547 556 674 875 945 1114 1298 1344 1442 1465 1520 1774 1854 1888 1991 2192 2399
FAC 211 : 135 211 422 657 916 1089 1362 1418 1429 1602 1795 2074 2075 2213 2273 2304
FAC 221 : 39 146 195 221 281 510 649 672 830 849 870 1037 1119 1184 1471 1626 1880 1890 1994 1999 2161 2217 2250 2268 2497
FAC 283 : 41 283 437 466 548 644 763 770 841 843 882 896 922 1081 1107 1187 1189 1220 1251 1304 1306 1555 1634 1670 1679 1717 1773 1776 1977 2052 2106 2114 2130 2345 2465 2479
FAC 307 : 113 128 307 416 462 584 692 914 975 1058 1158 1211 1299 1595 1780 1781 1832 1902 1981 2127 2155 2212 2306 2324 2467
FAC 322 : 19 147 208 290 322 601 729 1091 1157 1363 1473 1560 1624 1669 1682 1690 1873 1983 2037 2167 2318
FAC 388 : 220 264 388 465 632 677 798 822 854 901 1007 1340 1444 1566 1619 1763 2002 2024 2142 2223 2266
FAC 431 : 64 134 238 279 349 390 431 580 610 628 659 760 800 858 874 885 1027 1143 1163 1233 1308 1447 1544 1683 1746 1992 2198 2207 2261 2277 2281 2475
FAC 438 : 63 138 438 518 554 646 660 721 728 731 745 915 966 1012 1110 1173 1236 1316 1330 1655 1663 1812 1946 1997 2108 2230 2253
FAC 460 : 44 197 250 298 334 408 453 460 524 637 935 965 1104 1607 1730 1855 1893 1996 2000 2087 2140 2215 2245 2263 2265 2307 2347 2413 2469
FAC 463 : 2 193 201 244 330 339 463 655 781 1009 1232 1360 1569 1732 1755 1794 2054 2197 2204 2280 2348 2377
FAC 477 : 126 247 273 299 477 638 754 964 970 1053 1117 1317 1573 1666 1692 1823 1881 1935 2330 2350 2459
FAC 482 : 72 77 110 136 222 482 569 764 773 1169 1238 1456 1458 1576 1630 1660 1714 2006 2099 2184 2200 2264 2301 2474
FAC 492 : 61 202 319 378 447 468 492 600 722 864 1080 1152 1224 1293 1406 1480 1533 1536 1739 1884 1975 2053 2113
FAC 499 : 164 336 391 405 418 499 735 744 886 900 925 1292 1368 1553 1819 1820 1840 2017 2070 2472
FAC 508 : 106 508 561 694 727 792 907 953 963 1112 1276 1502 1558 1672 1736 1784 1798 1799 1900 1924 1945 2228 2285
FAC 532 : 212 531 532 540 546 765 919 1019 1083 1171 1226 1302 1307 1461 1575 1647 1757 1892 2057 2077 2395
FAC 542 : 47 122 184 268 366 426 452 525 542 733 809 872 983 1048 1137 1437 1478 1578 1637 1658 1697 1872 1874 1933 2231 2338 2409 2417
FAC 579 : 187 310 333 579 823 838 866 1096 1203 1223 1338 1454 1475 1596 1764 1952 2043 2386
FAC 609 : 35 70 125 159 160 175 218 506 578 609 710 855 904 1159 1318 1375 1432 1537 1789 1877 2257 2258 2271 2316 2333 2376 2418
FAC 612 : 6 199 204 245 371 398 440 612 616 720 737 894 932 1042 1359 1443 1644 1878 1940 2405 2441 2466
FAC 631 : 409 509 574 623 631 711 847 1071 1088 1109 1409 1539 1594 1926 2104 2153 2211 2438 2482
FAC 664 : 32 60 91 109 194 214 241 278 500 614 634 664 753 947 1040 1066 1323 1356 1392 1580 1618 1791 2034 2038 2222 2293 2351 2360 2481
FAC 671 : 26 142 414 487 671 905 1128 1191 1229 1470 1497 1610 1778 1882 2035 2103 2112 2117 2189 2322
FAC 717 : 33 83 403 576 604 717 762 768 795 818 836 868 942 1045 1057 1061 1256 1322 1325 1457 1771 1951 2147 2164 2210
FAC 766 : 48 121 172 309 360 479 739 766 819 1050 1095 1118 1288 1498 1512 1570 1597 1605 2061 2145 2298 2353 2492
FAC 807 : 15 76 131 188 255 347 455 539 587 678 807 816 820 1352 1693 2030 2062 2119 2160 2178 2205 2248 2422
FAC 833 : 215 295 325 700 704 759 775 790 833 876 933 1046 1121 1300 1399 1612 1707 1865 1870 2084 2121 2199 2400 2486
FAC 845 : 31 179 318 661 684 811 845 1031 1305 1345 1389 1635 1733 1929 2088 2176 2240 2305 2480
FAC 927 : 79 383 394 396 407 603 927 1105 1201 1358 1401 1410 1482 1591 1790 1826 1915 1978 2021 2339 2458 2461
FAC 951 : 52 171 213 248 260 297 662 738 756 859 871 951 1004 1062 1218 1405 1427 1627 1665 1851 1896 1922 2193 2375 2476
FAC 1001 : 43 116 346 467 529 586 643 814 860 867 1001 1026 1154 1156 1174 1195 1231 1667 1701 1753 1803 1857 1912 2016 2203 2321 2462
FAC 1005 : 73 93 236 436 478 577 617 681 776 893 958 1005 1038 1098 1215 1247 1509 1581 1797 1838 1856 2100 2101 2208 2283 2314 2366 2485 2496
FAC 1015 : 133 369 504 883 1008 1011 1015 1030 1200 1259 1510 1636 1969 2013 2027 2107 2317
FAC 1041 : 25 158 303 485 516 572 635 751 777 881 967 1041 1067 1146 1205 1364 1402 1521 1522 1556 1606 2141 2209 2327 2343 2415 2452
FAC 1094 : 27 107 294 315 389 491 523 592 771 1065 1094 1348 1355 1408 1488 1664 1807 1970 2033 2092 2135 2195 2218 2423 2455
FAC 1127 : 95 96 101 132 154 207 243 425 490 633 642 1020 1127 1167 1269 1319 1633 1735 1796 2068 2122 2166 2424 2460
FAC 1139 : 38 80 112 411 427 444 550 767 783 842 1087 1139 1320 1511 1514 1599 1810 1967 2078 2174 2234 2319 2368 2390 2403 2483
FAC 1202 : 17 249 551 952 978 1129 1202 1217 1321 1332 1398 1436 1741 1806 1968 2039 2156 2173 2221 2290 2328 2393
FAC 1219 : 8 104 137 150 311 317 332 375 379 596 675 741 906 1074 1219 1339 1562 1587 1724 1809 1936 1985 2146 2254 2381
FAC 1228 : 75 149 219 232 301 353 363 515 645 794 850 1185 1227 1228 1239 1303 1394 1413 1491 1508 1561 1588 1598 1629 1702 1769 1833 2025 2097 2149 2194 2260 2335
FAC 1246 : 11 45 50 277 312 361 486 489 618 726 750 887 1246 1262 1326 1333 1361 1414 1453 1462 1513 1720 1740 1825 1843 2005 2059 2090 2165 2168
FAC 1252 : 144 203 372 475 667 780 840 940 948 1120 1130 1190 1252 1385 1411 1507 1661 1879 1943 2023 2431 2491
FAC 1266 : 16 115 155 272 335 812 954 1024 1266 1371 1515 1615 1681 1718 1727 1729 1828 1846 1916 2115 2241 2379
FAC 1282 : 29 66 350 357 413 666 789 856 969 971 1010 1183 1282 1403 1421 1719 1721 1766 2015
FAC 1291 : 316 494 669 736 785 986 1281 1291 1309 1315 1423 1785 1850 1909 1919 1974 2065 2349 2355 2391 2410 2484
FAC 1334 : 178 362 496 501 512 802 834 862 921 929 1023 1073 1135 1240 1334 1493 1642 1653 2026 2050 2159 2259 2262 2397 2435
FAC 1374 : 240 324 359 419 562 668 746 832 923 955 1034 1264 1370 1374 1816 1859 1908 2007 2073 2163 2336 2358 2428
FAC 1417 : 94 226 289 433 434 560 598 749 813 980 1199 1242 1417 1463 1534 1541 1543 1603 1710 1802 1903 1973 2129 2139 2202 2323 2372 2433
FAC 1448 : 235 321 323 446 473 568 624 654 730 810 891 1028 1131 1175 1230 1314 1354 1388 1416 1448 1496 1568 1685 2331 2394 2406 2414 2493
FAC 1464 : 24 120 129 570 594 599 679 743 879 946 1070 1464 1479 1589 1715 1822 1842 1889 2123 2170 2282 2341 2401
FAC 1467 : 68 108 225 286 345 348 526 575 784 797 801 920 930 956 1064 1164 1207 1257 1267 1297 1346 1377 1467 1532 1584 1620 2120 2128 2138 2310 2364 2477
FAC 1484 : 82 117 163 373 588 607 712 769 972 1176 1237 1268 1342 1351 1381 1424 1477 1484 1659 1772 1841 1849 1972
FAC 1506 : 59 328 456 658 676 685 719 961 981 1032 1077 1134 1168 1179 1186 1278 1357 1438 1506 1538 1704 1722 1891 1980 2032 2036 2047 2085 2172 2302 2329 2439 2494
FAC 1518 : 12 56 368 421 442 755 844 903 931 1161 1206 1261 1518 1524 1608 1804 1821 1921 2118 2289 2346
FAC 1572 : 124 223 535 595 665 698 714 782 796 851 853 898 976 1133 1196 1494 1554 1564 1572 1574 1650 1674 1756 2066 2080 2096 2220 2284 2303 2404 2432 2448
FAC 1604 : 189 196 198 233 326 351 558 591 693 715 962 1085 1103 1124 1234 1390 1396 1420 1583 1604 1640 1684 1711 1758 2031 2224 2388
FAC 1609 : 167 282 445 848 936 1144 1235 1260 1350 1455 1517 1547 1609 1654 1680 1925 1959 1963 2083 2300 2356 2362 2367 2498
FAC 1677 : 100 254 302 331 338 476 566 581 590 597 626 895 1069 1289 1662 1677 1689 1712 1954 2009 2232 2342 2385
FAC 1709 : 78 118 152 280 340 449 471 534 913 950 979 995 1100 1166 1198 1284 1310 1445 1460 1621 1639 1709 1814 1867 1964 2041 2055 2179 2214 2365 2369 2382 2429 2446
FAC 1737 : 253 417 571 999 1000 1052 1214 1285 1329 1376 1379 1380 1383 1613 1737 1748 1779 1897 1941 2028 2082 2131 2169 2237 2468
FAC 1738 : 259 292 393 397 1263 1336 1400 1469 1476 1499 1593 1601 1614 1738 1800 1866 1998 2187 2309 2411
FAC 1742 : 53 99 143 216 412 828 888 990 1116 1153 1249 1255 1495 1559 1668 1706 1742 2069 2152 2325 2457
FAC 1783 : 40 57 156 161 263 424 472 564 682 703 706 1018 1204 1412 1472 1516 1678 1783 1824 1990 2133 2157 2295
FAC 1787 : 30 127 430 788 824 892 943 959 987 994 1084 1099 1123 1140 1244 1301 1313 1369 1622 1787 2019 2051 2143 2340 2384 2396
FAC 1793 : 92 183 186 237 274 355 620 650 902 909 910 992 1079 1391 1600 1725 1788 1793 1817 1955 2012 2188 2216 2236 2308 2440
FAC 1813 : 9 130 231 308 365 545 630 846 899 1552 1649 1726 1811 1813 1883 1942 2011 2227 2247 2270 2421
FAC 1845 : 157 625 656 691 705 968 982 1082 1162 1248 1415 1422 1747 1845 1910 1995 2044 2079 2182 2488
FAC 1848 : 176 314 567 1055 1150 1155 1294 1324 1505 1535 1645 1691 1713 1818 1827 1848 1923 1948 2334 2378 2447 2478
FAC 1895 : 284 300 367 435 464 530 622 648 707 960 1016 1287 1551 1625 1886 1895 1928 1950 1966 2136 2219 2235 2425 2449
FAC 1898 : 21 177 256 275 344 428 732 815 939 1044 1393 1426 1485 1592 1745 1760 1898 1947 2001 2018 2126 2132 2294 2299 2332 2354
FAC 1931 : 3 258 304 358 399 537 555 690 912 991 1006 1029 1033 1049 1090 1101 1115 1373 1531 1546 1563 1632 1648 1869 1931 2105 2196 2239 2464
FAC 1932 : 1 71 102 229 420 565 582 725 740 1275 1384 1468 1483 1530 1545 1548 1549 1643 1688 1836 1844 1860 1914 1932 1989 2313
FAC 1949 : 7 305 458 639 839 949 1014 1177 1365 1452 1611 1700 1801 1949 1958 1984 2180 2363 2387 2463 2489
FAC 1982 : 168 209 341 410 451 573 647 673 687 806 1141 1208 1271 1441 1486 1500 1631 1708 1792 1864 1953 1982 2191 2246 2275 2291
FAC 1993 : 55 67 69 87 166 313 327 520 640 1036 1068 1149 1178 1182 1243 1337 1382 1440 1673 1815 1837 1839 1938 1993 2226 2380 2389
FAC 2045 : 205 252 680 708 709 799 829 873 937 1022 1147 1295 1449 1504 1703 1734 1767 1862 2045 2150 2251 2311 2315 2344 2419
FAC 2063 : 34 269 285 296 495 641 663 1003 1093 1193 1194 1283 1311 1378 1404 1638 1863 1887 1939 2008 2010 2058 2063 2144 2297 2352
FAC 2111 : 5 97 153 170 242 266 382 608 688 852 996 1063 1327 1347 1623 1656 1723 1847 1899 2111 2183 2243 2255 2269
FAC 2125 : 98 404 459 585 602 615 697 863 865 917 1047 1113 1253 1312 1529 1786 1927 1957 2049 2109 2125 2326 2453 2470
FAC 2137 : 151 169 246 262 480 652 747 827 857 984 1059 1078 1142 1192 1212 1222 1270 1280 1286 1386 1450 1501 1585 1641 2048 2124 2137 2274 2287 2296
FAC 2162 : 200 230 291 415 498 522 689 805 808 869 941 944 1086 1125 1433 1487 1652 1686 1750 1754 1761 1858 1905 2042 2162 2249 2292
FAC 2175 : 105 190 210 234 488 502 686 1002 1210 1225 1279 1542 1617 1904 2175 2206 2244
FAC 2267 : 81 85 141 224 329 401 484 553 557 593 878 1017 1439 1676 1765 1852 1918 1965 1986 2110 2171 2267 2337 2412
FAC 2371 : 10 84 191 206 320 381 493 695 880 908 934 1092 1180 1277 1407 1567 1582 1687 1770 1956 1962 2064 2233 2371
FAC 2408 : 114 217 228 384 758 826 1013 1258 1428 1481 1557 1671 1731 1752 1979 2003 2081 2134 2408 2450
FAC 2420 : 23 74 123 239 354 374 406 606 757 774 778 787 926 1170 1254 1489 1492 1646 1934 1987 2089 2373 2383 2420
FAC 2434 : 28 49 140 251 267 293 432 507 536 621 651 772 837 989 1043 1072 1213 1328 1435 1503 1571 1657 1768 1775 1777 1835 1876 2093 2434 2445
FAC 2436 : 37 288 448 483 527 543 716 734 821 974 1056 1343 1425 1490 1528 1586 1651 1805 2014 2060 2067 2279 2286 2436
FAC 2443 : 62 89 111 174 227 400 474 605 653 791 817 889 1039 1051 1126 1209 1265 1372 1694 2022 2072 2095 2256 2416 2443
FAC 2471 : 46 90 139 192 457 514 563 583 696 701 793 1367 1907 1930 1937 2242 2272 2312 2359 2374 2471
FAC 2490 : 18 20 42 461 528 702 718 723 748 761 890 928 957 973 993 1021 1341 1349 1366 1419 2076 2190 2252 2456 2490 2499
