== PROBLEM ==
# N_FACILITIES: 2500
# N_CLIENTS: 2500
# SIZE_RESTRICTION_MINIMUM: -1
# SIZE_RESTRICTION_MAXIMUM: -1

== RUN DATA ==
# FILTER: BETTER_THAN_ALL_PARENTS (3)
# TARGET_SOLS: 1
# PRECOMP_CLIENT_OPTIMAL_GAIN: 0.000000
# N_THREADS: 4
# SELECT_ONLY_TERMINAL: 1
# LOCAL_SEARCH: SWAP_RESENDE_WERNECK
# LOCAL_SEARCH_BEFORE_SELECT: 1
# LOCAL_SEARCH_REM_MOVEMENT: 1
# LOCAL_SEARCH_ADD_MOVEMENT: 1
# BRANCHING_FACTOR: 8
# BRANCHING_FACTOR_CORRECTION: 1
# PATH_RELINKING: PATH_RELINKING_UNTIL_NO_BETTER
# PATH_RELINKING_LOCAL_SEARCH: SWAP_RESENDE_WERNECK
# RANDOM_SEED: 1621838097
# RESTARTS: 1
# VERBOSE: 0
# BRANCH_AND_BOUND: 0 (deprecated)
# LOWER_BOUND: -534436.000000 

# REDUCTION: sdbs+:100:mgesum _best:200
# INPUT_FILE: "problems_kmedian_original/2500-1000"
# CPU_TIME: 8303.160156
# ELAPSED: 2979.210938
# VIRT_MEM_PEAK_KB: 1303200
# TOTAL_ITERATIONS: 531

== LOCAL SEARCH INFO ==
# LOCAL_SEARCH_CPU_TIME: 502.520000
# N_LOCAL_SEARCHES: 14616
# AVG_LOCAL_SEARCH_MOVES: 64.121716

== PATH RELINKING INFO ==
# PATH_RELINKING_CPU_TIME: 1741.500000
== FIRST RESTART INFO ==
# FIRST_ITERATIONS: 531
# FIRST_PER_SIZE_SOLS:             1    800    800    800    800    800    800    800    800    800    800    800    800    800    800    800    799    798    800    798    800    800    799    798    799    800    799    800    800    799    800    799    800    799    797    798    799    799    797    800    800    798    798    796    800    797    797    799    798    797    797    799    800    797    794    798    798    795    796    797    793    796    799    796    796    797    797    793    795    790    791    794    788    795    792    795    793    793    785    787    789    795    784    790    791    779    786    782    780    780    784    783    781    779    785    787    777    783    780    776    779    781    781    782    777    775    768    777    765    776    770    766    763    759    771    757    755    766    765    766    760    762    760    755    754    749    761    767    747    762    761    760    760    747    759    743    748    743    749    749    730    730    736    730    745    738    725    720    734    728    723    736    722    713    722    715    721    705    721    713    695    723    698    710    725    702    710    721    712    721    696    701    698    715    697    685    669    681    687    701    680    691    681    683    670    687    695    675    672    655    678    679    670    674    664    662    646    651    640    646    654    661    652    656    632    627    650    633    653    635    628    627    628    639    624    608    606    629    606    618    609    610    622    605    594    587    591    589    576    592    586    583    589    580    599    563    583    584    553    561    546    542    576    589    574    563    562    593    573    558    547    544    545    535    527    533    532    549    547    549    494    537    506    503    518    521    531    505    496    498    536    519    496    499    499    495    487    500    487    474    472    498    459    479    486    457    474    493    469    467    499    450    468    442    449    467    479    450    450    443    460    445    433    442    423    422    451    422    405    419    413    442    448    424    409    406    408    415    381    418    395    425    403    392    385    378    397    393    363    365    396    390    354    381    379    359    369    359    390    371    350    380    378    367    347    352    335    353    307    333    341    323    350    313    344    334    341    344    318    343    309    318    329    337    312    318    313    294    309    323    277    293    303    270    267    282    305    264    257    289    287    258    269    262    275    288    256    285    267    268    253    272    290    246    248    252    243    264    252    263    251    247    234    247    233    216    238    230    226    219    220    202    216    193    203    211    238    239    207    217    214    203    197    216    225    184    190    191    192    199    213    192    204    193    185    186    188    174    173    187    164    173    167    169    170    185    173    149    163    161    157    175    167    164    174    147    157    149    160    151    158    133    142    146    141    146    133    136    130    142    145    142    140    141    116    113    137    128    131    126    117    113    115    118    118    130    118    109    117    112    106    119    111    104    105    101    107     97     94     76     67     70     58     62     56     59     61     61     51     58     55     53     49     41     37     28     22     22     21     16      7      4      7      6      3      7      7      5      4      3      1
# FIRST_PER_SIZE_SOLS_RED:         1    100    100    100    100    100    100    100    100    100    100    100    100    100    100    100    100    100    100    100    100    100    100    100    100    100    100    100    100    100    100    100    100    100    100    100    100    100    100    100    100    100    100    100    100    100    100    100    100    100    100    100    100    100    100    100    100    100    100    100    100    100    100    100    100    100    100    100    100    100    100    100    100    100    100    100    100    100    100    100    100    100    100    100    100    100    100    100    100    100    100    100    100    100    100    100    100    100    100    100    100    100    100    100    100    100    100    100    100    100    100    100    100    100    100    100    100    100    100    100    100    100    100    100    100    100    100    100    100    100    100    100    100    100    100    100    100    100    100    100    100    100    100    100    100    100    100    100    100    100    100    100    100    100    100    100    100    100    100    100    100    100    100    100    100    100    100    100    100    100    100    100    100    100    100    100    100    100    100    100    100    100    100    100    100    100    100    100    100    100    100    100    100    100    100    100    100    100    100    100    100    100    100    100    100    100    100    100    100    100    100    100    100    100    100    100    100    100    100    100    100    100    100    100    100    100    100    100    100    100    100    100    100    100    100    100    100    100    100    100    100    100    100    100    100    100    100    100    100    100    100    100    100    100    100    100    100    100    100    100    100    100    100    100    100    100    100    100    100    100    100    100    100    100    100    100    100    100    100    100    100    100    100    100    100    100    100    100    100    100    100    100    100    100    100    100    100    100    100    100    100    100    100    100    100    100    100    100    100    100    100    100    100    100    100    100    100    100    100    100    100    100    100    100    100    100    100    100    100    100    100    100    100    100    100    100    100    100    100    100    100    100    100    100    100    100    100    100    100    100    100    100    100    100    100    100    100    100    100    100    100    100    100    100    100    100    100    100    100    100    100    100    100    100    100    100    100    100    100    100    100    100    100    100    100    100    100    100    100    100    100    100    100    100    100    100    100    100    100    100    100    100    100    100    100    100    100    100    100    100    100    100    100    100    100    100    100    100    100    100    100    100    100    100    100    100    100    100    100    100    100    100    100    100    100    100    100    100    100    100    100    100    100    100    100    100    100    100    100    100    100    100    100    100    100    100    100    100    100    100    100    100    100    100    100    100    100    100    100    100    100    100    100    100    100    100    100    100    100    100    100    100    100    100    100    100    100    100    100    100    100    100    100    100    100    100    100     97     94     76     67     70     58     62     56     59     61     61     51     58     55     53     49     41     37     28     22     22     21     16      7      4      7      6      3      7      7      5      4      3      1
# FIRST_PER_SIZE_LOCAL_OPT:        0      0      0      0      0      0      0      0      0      0      0      0      0      0      0      0      0      0      0      0      0      0      0      0      0      0      0      0      0      0      0      0      0      0      0      0      0      0      0      0      0      0      0      0      0      0      0      0      0      0      0      0      0      0      0      0      0      0      0      0      0      0      0      0      0      0      0      0      0      0      0      0      0      0      0      0      0      0      0      0      0      0      0      0      0      0      0      0      0      0      0      0      0      0      0      0      0      0      0      0      0      0      0      0      0      0      0      0      0      0      0      0      0      0      0      0      0      0      0      0      0      0      0      0      0      0      0      0      0      0      0      0      0      0      0      0      0      0      0      0      0      0      0      0      0      0      0      0      0      0      0      0      0      0      0      0      0      0      0      0      0      0      0      0      0      0      0      0      0      0      0      0      0      0      0      0      0      0      0      0      0      0      0      0      0      0      0      0      0      0      0      0      0      0      0      0      0      0      0      0      0      0      0      0      0      0      0      0      0      0      0      0      0      0      0      0      0      0      0      0      0      0      0      0      0      0      0      0      0      0      0      0      0      0      0      0      0      0      0      0      0      0      0      0      0      0      0      0      0      0      0      0      0      0      0      0      0      0      0      0      0      0      0      0      0      0      0      0      0      0      0      0      0      0      0      0      0      0      0      0      0      0      0      0      0      0      0      0      0      0      0      0      0      0      0      0      0      0      0      0      0      0      0      0      0      0      0      0      0      0      0      0      0      0      0      0      0      0      0      0      0      0      0      0      0      0      0      0      0      0      0      0      0      0      0      0      0      0      0      0      0      0      0      0      0      0      0      0      0      0      0      0      0      0      0      0      0      0      0      0      0      0      0      0      0      0      0      0      0      0      0      0      0      0      0      0      0      0      0      0      0      0      0      0      0      0      0      0      0      0      0      0      0      0      0      0      0      0      0      0      0      0      0      0      0      0      0      0      0      0      0      0      0      0      0      0      0      0      0      0      0      0      0      0      0      0      0      0      0      0      0      0      0      0      0      0      0      0      0      0      0      0      0      0      0      0      0      0      0      0      0      0      0      0      0      0      0      0      0      0      0      0      0      0      0      0      0      0      0      0      0      0      0      0      0      0      0      0      0      0      0      0      0      0      0      0      0      0      0      0      0      0      0      0      0      0      0      0      0      0      0      0      0      0      0      0      0      0      0      0      0      0      0      0      0      0      0      0      0      0      0      0      0      0      0      0      0      0      0      0      0

== PER RESTART INFO ==
# RST        0 -534436.000000 8303.160000

== SOLUTIONS DATA ==
# OUTPUT_SOLUTIONS: 1

== SOLUTION ==
# VALUE: -534436.000000
# ASSIGNS: 2177 1 2197 1931 469 5 199 949 375 9 10 204 1062 2091 1181 2119 1718 952 957 322 2252 1760 544 787 129 1521 414 2455 1213 413 1084 1929 32 818 34 35 2177 1651 1511 39 40 548 2252 1912 637 1246 2374 1437 1416 1835 1246 103 52 1255 511 55 1518 703 2402 1179 60 1293 62 2108 64 2177 856 67 348 55 70 71 77 73 406 1702 1352 77 78 2461 2403 2412 1659 818 84 2267 469 87 1641 1051 2374 1392 355 681 1802 490 490 2183 1253 2457 626 1020 582 103 375 686 2197 315 108 1392 1293 62 112 1158 1671 812 1066 1607 118 119 679 819 733 2373 796 904 978 987 128 129 1102 539 1796 133 874 422 77 311 2108 2374 1835 141 2322 2457 679 544 1037 290 1138 1702 311 151 152 1063 1796 1718 156 459 1402 60 2316 40 2056 1659 164 918 55 1144 451 151 1063 1665 1118 270 1051 175 2378 1485 2159 2305 1642 875 946 2216 733 547 186 310 2030 1103 686 1582 2312 593 60 195 1583 1607 1103 199 1761 2054 722 203 204 680 949 1796 290 451 1279 211 1083 1553 1066 1707 2457 217 648 1303 220 2497 2264 1196 401 1346 2202 791 1671 740 1761 308 1227 2388 686 2331 681 992 390 1254 2428 1392 608 490 1755 612 246 978 1062 952 250 1768 1862 1941 1662 2030 1044 1465 1029 1400 52 1523 2137 263 465 2225 633 2434 1697 1939 270 2288 812 52 992 1044 276 1246 500 279 449 1037 282 283 2312 1863 633 342 2275 1534 290 808 2446 1213 1408 1707 34 1162 1893 1935 707 1303 1954 1146 358 358 2098 128 308 1835 310 311 204 1182 314 315 316 907 318 492 10 624 322 1495 746 2486 351 808 1168 141 2280 1954 1936 333 250 1718 735 1434 626 1755 118 2275 342 1138 1947 348 1912 1517 348 1992 856 351 1181 1413 406 355 2402 666 358 2312 1498 2057 512 1523 364 9 366 1895 1518 369 988 199 372 1342 1254 375 2427 1906 864 375 2427 1962 382 383 1084 1102 119 1642 465 1488 390 1553 392 1469 1482 395 383 1469 204 1931 62 401 511 1771 2326 1553 406 779 2413 1071 2246 1511 1255 413 414 808 128 1897 1553 1264 1 1254 422 1250 472 2122 2338 842 1485 429 788 2281 772 1534 2202 1895 681 1873 2108 918 204 2302 975 2473 444 1260 1388 1293 2275 449 450 451 366 1893 2094 2030 456 2374 839 459 250 957 1158 1755 1912 465 1776 1912 864 469 103 118 472 1131 62 490 1954 1881 478 1498 1192 877 2264 2067 2267 1522 1246 487 686 2005 490 491 492 695 2349 34 315 2427 1905 925 500 1642 2206 270 2027 918 2333 772 508 2482 2217 511 512 1728 514 1239 1521 2402 2108 2225 87 1960 522 315 524 366 348 1528 957 1753 1895 546 1302 119 449 796 2434 1373 1960 539 2057 2091 2338 543 544 2270 546 547 548 1250 112 2393 392 141 2108 358 1449 593 558 469 2202 561 2428 514 472 740 2217 1818 1388 1293 2170 1941 2182 2191 2438 1346 836 1509 2316 823 279 626 582 514 2306 1253 1753 1352 745 1360 1954 558 2455 593 679 1131 907 626 2244 679 1152 1873 2470 383 818 32 2373 607 608 904 1992 1138 612 2427 500 558 1042 1098 1843 364 1391 772 2136 2438 624 1162 626 1181 279 2040 9 2482 451 633 60 1522 1960 637 1881 2180 808 1194 1167 643 548 1303 2108 647 648 1037 992 1435 2137 62 2331 2280 2182 422 1179 1992 2108 1929 52 2058 500 1564 666 490 1264 785 670 414 39 451 1465 907 1179 220 2178 679 680 681 156 2473 2305 1438 686 2191 382 1761 1029 1747 1158 2470 561 695 696 2098 1564 2177 759 514 2252 703 833 1845 472 707 1862 1733 175 2438 1607 2094 718 2388 1905 836 718 1179 612 2134 722 976 1960 725 2005 2228 1110 1363 1388 731 1044 733 543 735 986 737 1427 819 740 1936 1060 2170 164 745 746 2137 2252 1802 1361 1146 316 500 1881 975 1665 2089 1199 759 390 761 942 882 77 546 1118 1810 2163 607 1189 2455 772 395 406 2486 1098 777 1254 779 1585 1755 2284 1810 1532 785 1097 787 788 1721 759 791 1799 1168 1303 942 796 348 220 1449 279 348 2159 1971 804 869 647 1352 808 2338 1416 2305 812 1534 1066 1947 2119 2022 818 819 2178 1528 465 823 959 1434 1199 1585 1495 1449 2497 103 1264 833 512 511 836 1213 333 839 1385 283 842 1189 1521 2305 9 2438 282 195 1185 1564 608 2284 647 904 856 203 2281 859 643 1782 315 2326 864 558 823 1753 818 869 2497 859 983 2344 874 875 759 877 2412 946 10 1402 882 2027 364 390 925 2005 1255 1051 957 1131 1084 681 199 1662 108 1138 2284 2270 925 465 186 1608 904 487 375 907 1962 2216 2216 1482 2464 449 1158 1173 211 2326 918 1302 920 2397 283 1264 2288 925 2373 2461 1571 1642 108 1608 2473 833 10 1893 1517 937 2056 1760 372 941 942 987 869 1465 946 500 129 949 950 1665 952 2197 1681 746 348 957 1098 959 1551 961 351 907 696 2265 2108 1521 2182 413 1881 856 607 718 1528 975 976 804 978 449 1199 1438 2044 983 1192 2056 986 987 988 1435 1249 358 992 957 987 449 5 1102 1971 999 1000 1753 2244 34 1427 1247 1648 220 133 2197 2197 133 2108 1731 949 2027 648 401 263 2057 1020 1366 2344 315 812 544 2016 1697 1388 1029 369 2305 1179 2464 2341 1829 1815 1037 681 1209 32 1402 1042 1768 1044 942 2486 459 983 1029 2298 1051 2246 1881 804 1535 1528 836 128 2122 1060 818 1062 1063 920 1488 1066 1067 1815 626 2170 1071 1435 512 375 1075 2094 1438 1585 992 1293 1189 1162 1083 1084 558 808 112 2482 422 1648 1363 1962 1194 2455 1118 1203 1097 1098 788 118 1546 1102 1103 2307 2321 276 882 1829 1399 1110 1434 508 1253 547 1546 1255 1881 1118 195 490 759 804 788 351 522 1209 1796 414 2393 1879 1131 2094 1196 1179 2159 2056 983 1138 112 788 2275 2122 64 1144 392 1146 680 70 87 1818 2040 1152 2457 2016 1535 2016 1157 1158 648 2225 1518 1162 279 348 2288 2446 1167 1168 1293 2089 2057 1060 1173 877 1495 1659 1958 1182 1179 695 1181 1182 1721 39 1185 1168 283 1075 1189 203 414 1192 1939 1194 2016 1196 1971 2446 1199 369 1482 2393 1203 263 1067 1254 1532 647 1209 686 2306 2137 1213 1000 73 2094 2393 1427 1936 283 2136 1641 333 1152 2280 1302 1227 1702 487 1131 2016 2054 1992 1103 1235 1110 607 2264 1239 512 469 1199 67 959 1097 1246 1247 1747 1249 1250 2114 1385 1253 1254 1255 818 2310 2134 2027 1260 777 382 1640 1264 2022 1916 348 1260 633 151 1441 1675 1431 918 71 2228 1582 2302 1279 1192 2349 1721 2058 2041 1897 1585 2136 1835 1954 2361 2349 164 1293 314 1862 1279 920 195 2306 1707 2011 1302 1303 548 1733 1776 546 279 2349 118 1863 558 788 1388 986 731 696 175 1167 444 978 836 500 314 818 1246 5 1835 1941 282 392 2393 2057 512 1102 1601 67 1203 1936 624 2252 1342 1528 875 1929 1346 608 1488 761 1235 607 1352 1097 1388 1488 1066 2359 2461 1042 1360 1361 1418 1363 777 2180 1366 696 925 987 746 1681 2022 1373 2428 35 582 1346 1939 1000 999 1342 67 1000 740 1385 1641 2040 1388 318 1583 1391 1392 2354 1185 469 1583 2225 978 1399 1400 1482 1402 666 1863 1665 864 1582 1408 2310 1482 203 472 1413 2057 2182 1416 2202 1418 761 558 666 2044 2349 1260 2067 1947 1427 2134 1418 2056 1431 904 941 1434 1435 1152 1437 1438 2412 55 1441 875 204 220 152 395 1962 2331 1449 151 779 358 1246 823 1144 77 836 1293 276 449 546 1843 1534 2170 1465 2091 1346 413 1469 1497 39 703 1157 2427 1203 2041 1659 983 946 722 217 1482 725 607 1485 1441 808 1488 2373 941 1303 406 2159 796 1495 1388 1497 1498 1499 451 1641 1799 2434 1449 1535 1438 1879 1185 1509 1509 1511 1118 1843 112 1681 263 1517 1518 670 429 1521 1522 1523 1518 511 1906 1527 1528 2470 1 1373 1532 492 1534 1535 722 904 456 2482 392 1199 2244 1534 64 1 1546 2498 1 740 946 1551 2270 1553 1196 283 1067 1731 508 1809 290 1303 1249 1546 1564 2361 465 84 1416 2054 1835 1571 796 1881 2284 1083 395 1181 2338 1060 1392 1098 1582 1583 108 1585 543 311 316 2341 2056 383 1947 1469 2438 975 823 1118 1185 112 1391 1601 422 745 1103 2298 1146 1607 1608 1235 2322 2180 2058 1941 1601 812 392 2206 60 220 1532 950 959 5 322 1551 1037 1427 2225 1185 77 647 1373 1796 1189 2305 369 366 1939 2041 1640 1641 1642 740 199 1535 787 1302 1648 308 796 1651 941 2159 1517 731 2183 2434 2338 1659 2264 1192 1662 731 1408 1665 52 2321 1809 2397 1679 1671 2228 87 1564 1675 141 626 472 1679 282 1681 1157 2281 1103 2331 1761 695 71 1954 322 2378 1881 539 32 511 450 1697 103 1782 874 643 1702 937 2302 2091 1249 1707 2191 152 1802 351 1662 1535 942 679 364 1717 1718 666 1361 1721 456 2255 725 355 1726 1392 1728 1681 250 1731 1755 1733 680 1796 907 1897 1469 2221 1246 952 2457 2091 511 2354 64 1747 1000 2098 869 276 2134 1753 1905 1755 2284 1083 1103 1527 1760 1761 1829 465 310 401 413 2344 1768 1413 1582 1771 1260 1776 875 772 1776 1435 1497 71 1067 2155 1782 40 508 2349 2326 788 992 35 383 60 2191 992 1360 2333 1796 681 907 1799 1469 839 1802 1753 1062 1651 1771 491 1138 1809 1810 1528 731 2270 152 1815 746 355 1818 164 925 1518 2341 696 703 1843 2321 314 383 1829 1747 804 975 1303 1971 1835 740 67 478 67 787 607 946 1843 71 1845 1718 2183 314 607 2349 52 401 1102 547 524 478 2016 522 1264 1 392 1862 1863 2246 1399 1400 152 395 1931 833 364 1697 1873 733 2288 1768 70 737 1879 2497 1881 1497 1810 492 2402 2136 1194 547 203 2217 1168 1173 1893 119 1895 859 1897 2354 2255 2197 1434 2306 1199 2206 1905 1906 2374 1264 316 1845 2402 1912 1434 1 1726 1916 1960 2267 785 2426 1518 859 1535 561 2498 1071 459 2136 1929 2374 1931 1 1437 406 1935 1936 514 522 1939 199 1941 1726 1385 2016 907 731 1947 1818 839 648 2221 333 647 1954 2216 84 2470 1958 1083 1960 1641 1962 2498 2446 2267 1895 2403 2393 133 315 1971 1342 1534 785 492 2288 1717 2461 2134 2302 975 647 1363 1958 311 2267 1254 1250 71 703 875 1992 87 2217 1747 2265 745 1601 195 250 1485 220 217 1075 2005 942 2163 1863 1662 1194 2011 1391 2027 543 1721 2016 925 2354 1110 1431 383 2022 1385 465 1185 2159 2027 999 737 2030 2470 961 1408 500 1497 1438 322 35 952 2040 2041 869 310 2044 680 1527 1438 2137 459 2397 987 2114 1293 2054 118 2056 2057 2058 204 941 819 1352 1194 695 785 1196 2067 1167 999 735 1138 1209 2428 211 422 718 546 444 1845 796 217 1000 1260 1717 1438 2098 1607 318 2089 2005 2091 491 1571 2094 791 976 1185 2098 77 681 1509 2426 2322 1071 1931 1189 2027 2108 2326 2412 5 1098 492 2114 1681 1728 2322 1518 2119 1346 759 2122 946 1641 2326 1485 2155 108 1199 283 1897 1485 40 2134 315 2136 2137 348 1199 637 1146 624 788 1939 1118 1809 2163 1728 1227 937 1431 1255 2482 670 2155 978 156 342 2159 2178 2497 869 2163 1771 1413 1796 1157 2057 2246 2170 2267 1179 952 842 686 1929 2177 2178 152 2180 2098 2182 2183 77 270 1675 1400 992 1497 1366 2191 547 1062 1303 1488 1648 2197 64 2486 77 2361 2202 2225 2197 2178 2206 2281 78 1067 1879 1020 1158 211 950 524 2216 2217 1408 2136 1564 2221 500 1498 351 2225 1815 9 2228 342 282 1437 1662 10 842 1551 186 999 395 1648 2305 1681 2359 5 2244 1607 2246 2011 2178 522 39 2344 2252 2108 375 2255 1051 1760 2316 491 1413 2281 2159 1893 2264 2265 465 2267 195 2183 2270 2316 2312 211 246 2275 511 874 1906 2067 2280 2281 2163 681 2284 2228 1651 151 2288 1518 952 444 808 60 1044 263 246 1194 2298 1640 1235 942 2302 796 211 2305 2306 2307 1391 1499 2310 937 2312 725 1247 1449 2316 1509 1488 2403 1782 2321 2322 1199 2155 1255 2326 1521 2393 1438 1935 2331 1044 2333 314 1239 1264 2267 2338 2461 1084 2341 1954 1522 2344 2114 1518 2307 1755 2349 1935 32 34 1815 2354 316 1144 1431 746 2359 32 2361 1144 949 1532 449 1247 2498 112 78 276 1582 745 2373 2374 1062 2316 1755 2378 1916 1182 311 2446 2373 737 626 823 1958 2388 55 1511 2030 779 2393 2331 1173 1110 2397 2177 875 2058 2170 2402 2403 2284 1042 624 842 1731 366 785 1499 2412 2413 624 2182 1051 73 904 937 2373 2270 2030 186 1020 707 2426 2427 2428 152 670 1385 2284 1199 2434 512 543 2177 2438 456 2216 1042 1642 1209 1181 1768 2446 490 796 450 1671 276 1067 459 988 2455 1366 2457 2461 1935 1167 2461 643 949 2464 548 204 128 1897 250 2470 2374 164 2473 942 1992 1062 1346 2378 283 2305 60 2482 582 2349 1509 2486 2040 1162 2464 761 372 1815 624 961 1138 1247 2497 2498 718
# N_FACS: 485
# INDEXES: 1 5 9 10 32 34 35 39 40 52 55 60 62 64 67 70 71 73 77 78 84 87 103 108 112 118 119 128 129 133 141 151 152 156 164 175 186 195 199 203 204 211 217 220 246 250 263 270 276 279 282 283 290 308 310 311 314 315 316 318 322 333 342 348 351 355 358 364 366 369 372 375 382 383 390 392 395 401 406 413 414 422 429 444 449 450 451 456 459 465 469 472 478 487 490 491 492 500 508 511 512 514 522 524 539 543 544 546 547 548 558 561 582 593 607 608 612 624 626 633 637 643 647 648 666 670 679 680 681 686 695 696 703 707 718 722 725 731 733 735 737 740 745 746 759 761 772 777 779 785 787 788 791 796 804 808 812 818 819 823 833 836 839 842 856 859 864 869 874 875 877 882 904 907 918 920 925 937 941 942 946 949 950 952 957 959 961 975 976 978 983 986 987 988 992 999 1000 1020 1029 1037 1042 1044 1051 1060 1062 1063 1066 1067 1071 1075 1083 1084 1097 1098 1102 1103 1110 1118 1131 1138 1144 1146 1152 1157 1158 1162 1167 1168 1173 1179 1181 1182 1185 1189 1192 1194 1196 1199 1203 1209 1213 1227 1235 1239 1246 1247 1249 1250 1253 1254 1255 1260 1264 1279 1293 1302 1303 1342 1346 1352 1360 1361 1363 1366 1373 1385 1388 1391 1392 1399 1400 1402 1408 1413 1416 1418 1427 1431 1434 1435 1437 1438 1441 1449 1465 1469 1482 1485 1488 1495 1497 1498 1499 1509 1511 1517 1518 1521 1522 1523 1527 1528 1532 1534 1535 1546 1551 1553 1564 1571 1582 1583 1585 1601 1607 1608 1640 1641 1642 1648 1651 1659 1662 1665 1671 1675 1679 1681 1697 1702 1707 1717 1718 1721 1726 1728 1731 1733 1747 1753 1755 1760 1761 1768 1771 1776 1782 1796 1799 1802 1809 1810 1815 1818 1829 1835 1843 1845 1862 1863 1873 1879 1881 1893 1895 1897 1905 1906 1912 1916 1929 1931 1935 1936 1939 1941 1947 1954 1958 1960 1962 1971 1992 2005 2011 2016 2022 2027 2030 2040 2041 2044 2054 2056 2057 2058 2067 2089 2091 2094 2098 2108 2114 2119 2122 2134 2136 2137 2155 2159 2163 2170 2177 2178 2180 2182 2183 2191 2197 2202 2206 2216 2217 2221 2225 2228 2244 2246 2252 2255 2264 2265 2267 2270 2275 2280 2281 2284 2288 2298 2302 2305 2306 2307 2310 2312 2316 2321 2322 2326 2331 2333 2338 2341 2344 2349 2354 2359 2361 2373 2374 2378 2388 2393 2397 2402 2403 2412 2413 2426 2427 2428 2434 2438 2446 2455 2457 2461 2464 2470 2473 2482 2486 2497 2498 
FAC 1 : 1 420 1530 1545 1548 1860 1914 1932
FAC 5 : 5 996 1327 1623 2111 2243
FAC 9 : 9 365 630 846 2227
FAC 10 : 10 320 880 934 2233
FAC 32 : 32 605 1040 1694 2351 2360
FAC 34 : 34 296 495 1003 2352
FAC 35 : 35 1375 1789 2038
FAC 39 : 39 672 1184 1471 2250
FAC 40 : 40 161 1783 2133
FAC 52 : 52 260 273 662 1666 1851
FAC 55 : 55 69 166 1440 2389
FAC 60 : 60 159 194 634 1618 1791 2293 2481
FAC 62 : 62 111 400 474 653
FAC 64 : 64 1143 1544 1746 2198
FAC 67 : 67 1243 1337 1382 1837 1839
FAC 70 : 70 1148 1877
FAC 71 : 71 1275 1688 1779 1844 1989
FAC 73 : 73 1215 2417
FAC 77 : 72 77 136 764 1456 1630 2099 2184 2200
FAC 78 : 78 2208 2369
FAC 84 : 84 1567 1956
FAC 87 : 87 520 1149 1673 1993
FAC 103 : 51 103 470 831 1698
FAC 108 : 108 896 930 1584 2128
FAC 112 : 112 550 1087 1139 1514 1599 2368
FAC 118 : 118 340 471 1100 1310 2055
FAC 119 : 119 386 533 1894
FAC 128 : 128 307 416 1058 2467
FAC 129 : 24 129 948
FAC 133 : 133 1008 1011 1969
FAC 141 : 141 329 553 1676
FAC 151 : 151 169 1270 1450 2287
FAC 152 : 152 1445 1709 1814 1867 2179 2429
FAC 156 : 156 682 2157
FAC 164 : 164 744 1292 1819 2472
FAC 175 : 175 710 1318
FAC 186 : 186 902 2236 2423
FAC 195 : 195 849 1119 1298 1999 2268
FAC 199 : 6 199 371 894 1644 1940
FAC 203 : 203 857 1190 1411 1889
FAC 204 : 11 204 312 398 440 1443 2059 2466
FAC 211 : 211 916 2074 2213 2273 2304
FAC 217 : 217 1481 2003 2081
FAC 220 : 220 677 798 1007 1444 1619 2002
FAC 246 : 246 2274 2296
FAC 250 : 250 334 460 1730 2000 2469
FAC 263 : 263 1018 1204 1516 2295
FAC 270 : 173 270 503 2185
FAC 276 : 276 1106 1459 1751 2370 2451
FAC 279 : 279 580 628 800 1163 1308
FAC 282 : 282 848 1330 1680 2230
FAC 283 : 283 841 922 1187 1220 1555 2130 2479
FAC 290 : 147 208 290 1560
FAC 308 : 231 308 1649
FAC 310 : 187 310 1764 2043
FAC 311 : 137 150 311 1587 1985 2381
FAC 314 : 314 1294 1324 1827 1848 2334
FAC 315 : 107 315 496 523 862 1023 1970 2135
FAC 316 : 316 752 1588 1909 2355
FAC 318 : 318 1389 2088
FAC 322 : 19 322 1624 1690 2037
FAC 333 : 333 838 1223 1952
FAC 342 : 287 342 2158 2229
FAC 348 : 68 345 348 526 797 801 956 1164 1267 2138
FAC 351 : 326 351 962 1124 1711 2224
FAC 355 : 92 355 1725 1817
FAC 358 : 304 305 358 555 991 1452
FAC 364 : 364 619 884 1716 1871
FAC 366 : 366 452 525 1637 2409
FAC 369 : 369 1030 1200 1636
FAC 372 : 372 940 2491
FAC 375 : 8 104 375 379 906 1074 2254
FAC 382 : 382 688 1262
FAC 383 : 383 396 603 1591 1790 1828 2021
FAC 390 : 238 390 760 885
FAC 392 : 392 552 1145 1331 1540 1616 1861
FAC 395 : 395 773 1446 1576 1868 2238
FAC 401 : 224 401 1017 1765 1852
FAC 406 : 74 354 406 774 1492 1934
FAC 413 : 29 413 969 1468 1766
FAC 414 : 26 414 671 1128 1191
FAC 422 : 135 422 657 1089 1602 2075
FAC 429 : 429 1520
FAC 444 : 444 1320 2078 2291
FAC 449 : 280 449 534 913 979 995 1460 2365
FAC 450 : 450 1696 2449
FAC 451 : 168 209 451 632 673 1500
FAC 456 : 456 1538 1722 2439
FAC 459 : 157 459 1047 1927 2049 2453
FAC 465 : 264 388 465 822 901 1566 1763 2024 2266
FAC 469 : 4 86 469 559 1241 1395
FAC 472 : 424 472 564 706 1412 1678
FAC 478 : 478 1838 1856
FAC 487 : 487 905 1229
FAC 490 : 95 96 243 475 490 667 1120 2447
FAC 491 : 491 1807 2092 2259
FAC 492 : 319 492 1533 1884 1975 2113
FAC 500 : 278 500 614 664 753 947 1323 2034 2222
FAC 508 : 508 1112 1558 1784
FAC 511 : 54 402 511 835 1525 1695 1744 2276
FAC 512 : 362 512 834 1073 1240 1334 2435
FAC 514 : 514 563 583 701 1937
FAC 522 : 522 1125 1858 1938 2249
FAC 524 : 524 1855 2215
FAC 539 : 131 539 1693
FAC 543 : 543 734 1586 2014 2436
FAC 544 : 22 145 544 1025
FAC 546 : 531 546 765 1307 1461 2077
FAC 547 : 185 547 1114 1854 1888 2192
FAC 548 : 41 548 644 1304 2465
FAC 558 : 558 591 615 865 1085 1312 1420
FAC 561 : 561 694 1924
FAC 582 : 102 582 1376 2483
FAC 593 : 193 557 593
FAC 607 : 607 769 972 1237 1351 1484 1841 1849
FAC 608 : 242 608 852 1347
FAC 612 : 245 612 720
FAC 624 : 321 624 1340 2142 2406 2414 2493
FAC 626 : 100 338 581 597 626 1069 1677 2385
FAC 633 : 266 286 633 1269
FAC 637 : 44 637 2140
FAC 643 : 643 860 1701 2462
FAC 647 : 647 806 854 1208 1631 1953 1982
FAC 648 : 218 648 1016 1159 1950
FAC 666 : 357 666 1403 1421 1719
FAC 670 : 670 1519 2154 2430
FAC 679 : 120 144 594 599 679 1715
FAC 680 : 205 680 1147 1734 2045
FAC 681 : 93 236 436 681 893 1038 1797 2100 2283
FAC 686 : 105 190 234 488 686 1210 2175
FAC 695 : 493 695 1180 1687 2064
FAC 696 : 696 964 1317 1367 1823
FAC 703 : 57 703 1472 1824 1990
FAC 707 : 300 707 2425
FAC 718 : 714 718 973 2076 2499
FAC 722 : 202 722 1480 1536
FAC 725 : 725 1483 1724 2313
FAC 731 : 731 1316 1655 1663 1812 1946
FAC 733 : 122 184 733 1874
FAC 735 : 336 735 2070
FAC 737 : 737 1878 2029 2384
FAC 740 : 229 565 740 1384 1549 1643 1836
FAC 745 : 588 745 1603 1997 2372
FAC 746 : 324 746 955 1370 1816 2358
FAC 759 : 700 759 790 876 1121 2121
FAC 761 : 761 1349 1419 2490
FAC 772 : 432 507 621 772 1775
FAC 777 : 777 1261 1364
FAC 779 : 407 779 1451 2392
FAC 785 : 669 785 1919 1974 2065 2410
FAC 787 : 23 787 1646 1840
FAC 788 : 430 788 1099 1123 1140 1313 1787 2143
FAC 791 : 227 791 2095
FAC 796 : 124 535 796 1494 1572 1650 2080 2303 2448
FAC 804 : 804 977 1054 1122 1831
FAC 808 : 291 327 415 640 808 1086 1487 2292
FAC 812 : 115 272 812 1024 1615
FAC 818 : 33 83 604 818 868 1061 1256 1325
FAC 819 : 121 739 819 2061
FAC 823 : 579 823 866 1454 1596 2386
FAC 833 : 704 833 933 1870
FAC 836 : 576 717 836 1057 1322 1457
FAC 839 : 458 839 1801 1949
FAC 842 : 427 842 2174 2234 2407
FAC 856 : 66 350 856 971
FAC 859 : 859 871 1896 1922
FAC 864 : 378 468 864 1406
FAC 869 : 805 869 944 1750 2042 2162
FAC 874 : 134 874 1700 2277
FAC 875 : 181 875 1344 1442 1774 1991 2399
FAC 877 : 481 877 1174
FAC 882 : 763 882 1107
FAC 904 : 125 609 855 904 1432 1537 2418
FAC 907 : 317 596 675 907 963 1736 1798 1945
FAC 918 : 165 439 505 918 1274
FAC 920 : 920 1064 1297
FAC 925 : 499 886 900 925 1368 1820 2017
FAC 937 : 937 1703 2150 2311 2419
FAC 941 : 941 1433 1490 1652 2060
FAC 942 : 762 795 942 1045 1714 2006 2301 2474
FAC 946 : 182 879 946 1479 1550 1842 2123
FAC 949 : 7 206 949 1014 2363 2463
FAC 950 : 950 1621 2214
FAC 952 : 17 249 952 1741 2039 2173 2290
FAC 957 : 18 461 528 890 957 993
FAC 959 : 824 959 1244 1622
FAC 961 : 961 2032 2494
FAC 975 : 442 755 975 1595 1832 1981
FAC 976 : 723 976 2096
FAC 978 : 126 247 978 1321 1398 2156
FAC 983 : 872 983 1048 1137 1478
FAC 986 : 736 986 1315
FAC 987 : 127 943 987 994 1369 2051
FAC 988 : 370 988 2454
FAC 992 : 237 274 650 992 1079 1788 1793 2188
FAC 999 : 999 1380 2028 2069 2237
FAC 1000 : 1000 1214 1379 1383 1748 2082
FAC 1020 : 101 1020 2211 2424
FAC 1029 : 258 690 1029 1049
FAC 1037 : 146 281 649 1037 1626
FAC 1042 : 616 1042 1359 2405 2441
FAC 1044 : 256 275 732 1044 2294 2332
FAC 1051 : 89 174 889 1051 2256 2416
FAC 1060 : 742 1060 1172 1579
FAC 1062 : 12 248 1062 1804 2193 2375 2476
FAC 1063 : 153 170 1063
FAC 1066 : 116 214 814 1066 1356
FAC 1067 : 1067 1205 1556 1780 2209 2452
FAC 1071 : 409 1071 1926 2104
FAC 1075 : 1075 1188 2004
FAC 1083 : 212 1083 1575 1757 1959
FAC 1084 : 30 384 892 1084 2340
FAC 1097 : 786 1097 1245 1353
FAC 1098 : 617 776 958 1098 1581 2112
FAC 1102 : 130 385 997 1102 1335 1853
FAC 1103 : 189 198 1103 1234 1604 1684 1758
FAC 1110 : 728 1110 1236 2019 2396
FAC 1118 : 172 766 1095 1118 1512 1597 2145
FAC 1131 : 473 595 891 1131 1230
FAC 1138 : 148 343 611 897 1138 1808 2071 2495
FAC 1144 : 167 1144 1455 2356 2362
FAC 1146 : 303 751 1146 1606 2141
FAC 1152 : 600 1152 1224 1436
FAC 1157 : 1157 1473 1682 2167
FAC 1158 : 113 462 692 914 1158 2212
FAC 1162 : 297 625 1082 1162 2488
FAC 1167 : 642 1167 1319 2068 2460
FAC 1168 : 328 793 1168 1186 1891
FAC 1173 : 915 1173 1892 2395
FAC 1179 : 59 658 676 719 1032 1134 1179 2172
FAC 1181 : 14 352 627 1181 1577 2444
FAC 1182 : 313 1178 1182 2380
FAC 1185 : 850 1185 1394 1508 1598 1629 2025 2097
FAC 1189 : 770 843 1081 1189 1634 2106
FAC 1192 : 480 984 1192 1280 1661
FAC 1194 : 641 1093 1194 1887 2010 2063 2297
FAC 1196 : 223 1133 1196 1554 2066
FAC 1199 : 758 826 980 1199 1242 1541 1903 2129 2139 2323 2433
FAC 1203 : 1096 1203 1338 1475
FAC 1209 : 1039 1126 1209 2072 2443
FAC 1213 : 28 293 837 1213
FAC 1227 : 232 1227 2149
FAC 1235 : 1235 1350 1609 2300
FAC 1239 : 515 1239 2335
FAC 1246 : 45 50 277 486 1246 1326 1453 1740
FAC 1247 : 1005 1247 2314 2366 2496
FAC 1249 : 990 1249 1562 1706
FAC 1250 : 423 549 1250 1988
FAC 1253 : 98 585 1113 1253
FAC 1254 : 239 374 421 778 1206 1254 1987
FAC 1255 : 53 412 888 1116 1255 2152 2325
FAC 1260 : 445 1260 1268 1424 1772 2083
FAC 1264 : 419 668 832 923 1264 1859 1908 2336
FAC 1279 : 210 1279 1296
FAC 1293 : 61 110 447 569 1080 1169 1293 1458 2053
FAC 1302 : 532 919 1226 1302 1647
FAC 1303 : 219 301 645 794 1303 1491 1561 1833 2194
FAC 1342 : 373 1342 1381 1972
FAC 1346 : 225 575 1346 1377 1467 2120 2477
FAC 1352 : 76 587 807 1352 2062
FAC 1360 : 589 1360 1794
FAC 1361 : 750 1361 1720
FAC 1363 : 729 1091 1363 1983
FAC 1366 : 1021 1366 2190 2456
FAC 1373 : 537 1373 1531 1632
FAC 1385 : 840 1252 1385 1943 2023 2431
FAC 1388 : 446 568 730 1028 1314 1354 1388 1496
FAC 1391 : 620 1391 1600 2012 2308
FAC 1392 : 91 109 241 1392 1580 1727
FAC 1399 : 1109 1399 1865
FAC 1400 : 259 1400 1866 2187
FAC 1402 : 158 881 1041 1402
FAC 1408 : 294 1408 1664 2033 2218
FAC 1413 : 353 1413 1769 2165 2260
FAC 1416 : 48 810 1416 1568
FAC 1418 : 1362 1418 1429
FAC 1427 : 738 1004 1218 1427 1627
FAC 1431 : 1273 1431 2020 2151 2357
FAC 1434 : 337 825 1111 1434 1901 1913
FAC 1435 : 651 989 1072 1435 1777
FAC 1437 : 47 1437 1933 2231
FAC 1438 : 685 981 1077 1438 1506 2036 2047 2085 2329
FAC 1441 : 1271 1441 1486
FAC 1449 : 556 799 829 1449 1504 2315
FAC 1465 : 257 674 945 1465
FAC 1469 : 393 397 1469 1593 1738 1800
FAC 1482 : 394 911 1201 1401 1410 1482
FAC 1485 : 177 428 1485 2001 2126 2132
FAC 1488 : 389 1065 1348 1355 1488 2195 2318
FAC 1495 : 323 828 1175 1495
FAC 1497 : 1470 1497 1778 1882 2035 2189
FAC 1498 : 360 479 1498 2223
FAC 1499 : 1499 2309 2411
FAC 1509 : 577 1509 1510 2101 2317 2485
FAC 1511 : 38 411 1511 2390
FAC 1517 : 347 936 1517 1654
FAC 1518 : 56 368 1161 1518 1524 1821 1921 2118 2289 2346
FAC 1521 : 25 516 844 967 1521 2327
FAC 1522 : 485 635 1522 2343
FAC 1523 : 261 363 1523
FAC 1527 : 1527 1759 2046
FAC 1528 : 527 821 974 1056 1343 1528 1811
FAC 1532 : 784 1207 1532 1620 2364
FAC 1534 : 289 433 813 1463 1534 1543 1973
FAC 1535 : 1055 1155 1505 1535 1645 1713 1923
FAC 1546 : 1101 1115 1546 1563
FAC 1551 : 960 1551 1625 2235
FAC 1553 : 213 391 405 418 1553
FAC 1564 : 665 698 851 1564 1674 2220
FAC 1571 : 928 1571 2093
FAC 1582 : 191 1277 1407 1582 1770 2371
FAC 1583 : 196 1390 1396 1583
FAC 1585 : 780 827 1078 1286 1585
FAC 1601 : 1336 1601 1614 1998
FAC 1607 : 117 197 712 1607 2087 2245
FAC 1608 : 903 931 1608
FAC 1640 : 1263 1640 2299
FAC 1641 : 88 1222 1386 1501 1641 1961 2124
FAC 1642 : 180 387 501 929 1642 2442
FAC 1648 : 1006 1090 1648 2196 2239
FAC 1651 : 37 1651 1805 2286
FAC 1659 : 82 163 1176 1477 1659
FAC 1662 : 254 895 1662 1712 2009 2232
FAC 1665 : 171 756 951 1405 1665
FAC 1671 : 114 228 1671 2450
FAC 1675 : 1272 1675 2186
FAC 1679 : 1670 1679
FAC 1681 : 954 1371 1515 1681 1729 2115 2241
FAC 1697 : 268 1027 1697 1872
FAC 1702 : 75 149 1228 1702
FAC 1707 : 215 295 1300 1707
FAC 1717 : 1717 1977 2084
FAC 1718 : 16 155 335 1718 1846
FAC 1721 : 789 1183 1282 1721 2015
FAC 1726 : 1726 1915 1942
FAC 1728 : 513 1728 2116 2148
FAC 1731 : 1013 1557 1731 2408
FAC 1733 : 709 1305 1733
FAC 1747 : 691 1248 1747 1830 1995
FAC 1753 : 529 586 867 1001 1753 1803
FAC 1755 : 244 339 463 781 1732 1755 2348 2377
FAC 1760 : 21 939 1760 2257
FAC 1761 : 200 230 689 1686 1761
FAC 1768 : 251 1043 1768 1876 2445
FAC 1771 : 403 1771 1806 2164
FAC 1776 : 466 1306 1773 1776
FAC 1782 : 861 1699 1782 2320
FAC 1796 : 132 154 207 1127 1633 1735 1796 2166
FAC 1799 : 792 1502 1799
FAC 1802 : 94 749 1710 1802
FAC 1809 : 1559 1668 1809 2146
FAC 1810 : 767 783 1810 1883
FAC 1815 : 1036 1068 1815 2226 2353 2492
FAC 1818 : 567 1150 1818 1948
FAC 1829 : 1035 1108 1762 1829
FAC 1835 : 49 140 309 1288 1328 1570 1835
FAC 1843 : 618 1462 1513 1825 1843
FAC 1845 : 705 1845 1910 2079
FAC 1862 : 252 708 1295 1862
FAC 1863 : 285 1311 1404 1863 2008
FAC 1873 : 437 601 1873
FAC 1879 : 1130 1507 1879 2210
FAC 1881 : 477 638 754 970 1053 1117 1573 1692 1881
FAC 1893 : 298 453 935 1893 2263
FAC 1895 : 367 435 530 1895 1966
FAC 1897 : 417 1285 1737 1897 2131 2468
FAC 1905 : 498 716 1754 1905
FAC 1906 : 377 1526 1906 2278
FAC 1912 : 43 346 464 467 1912
FAC 1916 : 1266 1916 2379
FAC 1929 : 31 661 1345 1929 2176
FAC 1931 : 3 399 1869 1931 2105
FAC 1935 : 299 1935 2330 2350 2459
FAC 1936 : 332 741 1219 1339 1936
FAC 1939 : 269 1193 1378 1638 1939 2144
FAC 1941 : 253 571 1329 1613 1941
FAC 1947 : 344 815 1426 1592 1947
FAC 1954 : 302 331 476 590 1289 1689 1954 2342
FAC 1958 : 1177 1958 1984 2387
FAC 1960 : 521 538 636 724 1917 1960
FAC 1962 : 381 908 1092 1447 1962
FAC 1971 : 803 998 1197 1834 1971
FAC 1992 : 349 610 659 1233 1992 2475
FAC 2005 : 489 726 887 2005 2090
FAC 2011 : 1301 2011 2247
FAC 2016 : 1026 1154 1156 1195 1231 1857 1944 2016
FAC 2022 : 817 1265 1372 2022
FAC 2027 : 504 883 1015 1259 2013 2027 2107
FAC 2030 : 188 255 455 2030 2391 2422
FAC 2040 : 629 1151 1387 2040 2487
FAC 2041 : 1284 1476 1639 2041
FAC 2044 : 982 1422 2044
FAC 2054 : 201 1232 1569 2054
FAC 2056 : 162 938 985 1136 1430 1590 2056
FAC 2057 : 361 540 1019 1171 1333 1414 2057 2168
FAC 2058 : 663 1283 1612 2058 2400
FAC 2067 : 483 1425 2067 2279
FAC 2089 : 757 1170 2089
FAC 2091 : 13 541 1466 1705 1743 2091
FAC 2094 : 454 713 1076 1132 1216 2094
FAC 2098 : 306 697 1749 2086 2098 2181
FAC 2108 : 63 138 438 518 554 646 660 966 1012 2108 2253
FAC 2114 : 1251 2052 2114 2345
FAC 2119 : 15 816 2119
FAC 2122 : 425 1059 1142 2122
FAC 2134 : 721 1258 1428 1752 1979 2134
FAC 2136 : 622 1221 1287 1886 1928 2136 2219
FAC 2137 : 262 652 747 1212 2048 2137
FAC 2155 : 1781 2127 2155 2324
FAC 2159 : 178 802 1135 1493 1653 2026 2159 2262
FAC 2163 : 768 2007 2147 2163 2282
FAC 2170 : 570 743 1070 1464 2170 2401
FAC 2177 : 0 36 65 699 2177 2398 2437
FAC 2178 : 678 820 2160 2178 2205 2248
FAC 2180 : 639 1365 1611 2180
FAC 2182 : 572 656 968 1415 2182 2415
FAC 2183 : 97 1656 1847 2183 2269
FAC 2191 : 573 687 1708 1792 2191
FAC 2197 : 2 106 953 1009 1010 1900 2197 2204
FAC 2202 : 226 434 560 1417 2202
FAC 2206 : 502 1617 1904 2206
FAC 2216 : 183 909 910 1955 2216 2440
FAC 2217 : 510 566 1890 1994 2217
FAC 2221 : 1739 1951 2221
FAC 2225 : 265 519 1160 1397 1628 2203 2225
FAC 2228 : 727 1276 1672 2228 2285
FAC 2244 : 598 1002 1542 2244
FAC 2246 : 410 1052 1864 2169 2246
FAC 2252 : 20 42 702 748 1341 2252
FAC 2255 : 1723 1899 2255
FAC 2264 : 222 482 1238 1660 2264
FAC 2265 : 965 1996 2265
FAC 2267 : 85 484 1918 1965 1986 2171 2267 2337
FAC 2270 : 545 899 1552 1813 2270 2421
FAC 2275 : 288 341 448 1141 2275
FAC 2280 : 330 655 1225 2280
FAC 2281 : 431 858 1683 2207 2261 2281
FAC 2284 : 782 853 898 1574 1756 2284 2404 2432
FAC 2288 : 271 924 1165 1875 1976 2288
FAC 2298 : 1050 1605 2298
FAC 2302 : 441 1278 1704 1980 2302
FAC 2305 : 179 684 811 845 1031 1635 2240 2305 2480
FAC 2306 : 584 1211 1299 1902 2306
FAC 2307 : 1104 2307 2347
FAC 2310 : 1257 1409 2310
FAC 2312 : 192 284 359 2272 2312
FAC 2316 : 160 578 2258 2271 2316 2376
FAC 2321 : 1105 1667 1826 2321
FAC 2322 : 142 1610 2103 2117 2322
FAC 2326 : 404 863 917 1786 2109 2125 2326
FAC 2331 : 235 654 1448 1685 2331 2394
FAC 2333 : 506 1795 2333
FAC 2338 : 426 542 809 1578 1658 2338
FAC 2341 : 1034 1589 1822 2341
FAC 2344 : 873 1022 1767 2251 2344
FAC 2349 : 494 1281 1291 1309 1423 1785 1850 2349 2484
FAC 2354 : 1393 1745 1898 2018 2354
FAC 2359 : 1357 2242 2359
FAC 2361 : 1290 1565 2201 2361
FAC 2373 : 123 606 926 1489 2373 2383 2420
FAC 2374 : 46 90 139 457 1907 1930 2374 2471
FAC 2378 : 176 1691 2378 2478
FAC 2388 : 233 715 2388
FAC 2393 : 551 1129 1202 1217 1332 1968 2328 2393
FAC 2397 : 921 1669 2050 2397
FAC 2402 : 58 356 517 1885 1911 2402
FAC 2403 : 80 1967 2319 2403
FAC 2412 : 81 878 1439 2110 2412
FAC 2413 : 408 2413
FAC 2426 : 1920 2102 2426
FAC 2427 : 376 380 497 613 1474 2427
FAC 2428 : 240 562 1374 2073 2428
FAC 2434 : 267 536 1503 1657 2434
FAC 2438 : 574 623 711 847 1594 2438
FAC 2446 : 292 1166 1198 1964 2382 2446
FAC 2455 : 27 592 771 1094 2455
FAC 2457 : 99 143 216 1153 1742 2457
FAC 2461 : 79 927 1358 1978 2339 2458 2461
FAC 2464 : 912 1033 2464 2489
FAC 2470 : 602 693 1529 1957 2031 2470
FAC 2473 : 443 683 932 2473
FAC 2482 : 509 631 1088 1539 2153 2482
FAC 2486 : 325 775 1046 2199 2486
FAC 2497 : 221 830 870 1880 2161 2497
FAC 2498 : 1547 1925 1963 2367 2498
