== PROBLEM ==
# N_FACILITIES: 500
# N_CLIENTS: 500
# SIZE_RESTRICTION_MINIMUM: -1
# SIZE_RESTRICTION_MAXIMUM: -1

== RUN DATA ==
# FILTER: BETTER_THAN_ALL_PARENTS (3)
# TARGET_SOLS: 1
# PRECOMP_CLIENT_OPTIMAL_GAIN: 0.000000
# N_THREADS: 4
# SELECT_ONLY_TERMINAL: 1
# LOCAL_SEARCH: SWAP_RESENDE_WERNECK
# LOCAL_SEARCH_BEFORE_SELECT: 1
# LOCAL_SEARCH_REM_MOVEMENT: 1
# LOCAL_SEARCH_ADD_MOVEMENT: 1
# BRANCHING_FACTOR: 8
# BRANCHING_FACTOR_CORRECTION: 1
# PATH_RELINKING: PATH_RELINKING_UNTIL_NO_BETTER
# PATH_RELINKING_LOCAL_SEARCH: SWAP_RESENDE_WERNECK
# RANDOM_SEED: 1621838208
# RESTARTS: 1
# VERBOSE: 0
# BRANCH_AND_BOUND: 0 (deprecated)
# LOWER_BOUND: -99169.000000 

# REDUCTION: sdbs+:100:mgesum _best:200
# INPUT_FILE: "problems_kmedian_original/500-1000"
# CPU_TIME: 412.030029
# ELAPSED: 168.989182
# VIRT_MEM_PEAK_KB: 454980
# TOTAL_ITERATIONS: 352

== LOCAL SEARCH INFO ==
# LOCAL_SEARCH_CPU_TIME: 10.470000
# N_LOCAL_SEARCHES: 15005
# AVG_LOCAL_SEARCH_MOVES: 2.981606

== PATH RELINKING INFO ==
# PATH_RELINKING_CPU_TIME: 41.280000
== FIRST RESTART INFO ==
# FIRST_ITERATIONS: 352
# FIRST_PER_SIZE_SOLS:             1    500    798    800    800    800    800    800    800    800    800    799    800    800    800    797    799    800    800    800    799    799    794    798    800    795    798    796    797    797    792    798    797    797    797    798    796    793    794    797    790    794    793    791    786    789    794    788    788    795    790    787    786    789    789    784    787    778    770    785    775    784    777    781    783    773    778    774    776    767    761    759    761    761    767    769    757    757    754    771    769    752    747    750    753    756    750    751    747    746    743    737    754    729    750    734    733    727    729    734    715    723    719    703    727    733    723    714    723    713    710    713    728    714    705    698    693    695    693    677    700    694    710    676    681    690    673    685    680    684    678    682    660    670    671    635    640    664    638    643    661    654    637    647    641    645    652    637    608    642    639    631    615    634    628    618    615    609    626    611    599    601    601    597    592    603    592    599    579    596    582    565    577    584    587    579    581    547    592    560    534    542    557    560    570    546    539    566    556    545    525    508    537    521    530    545    518    505    534    502    511    516    529    494    504    517    494    504    508    508    509    504    487    503    476    483    490    467    481    474    451    448    478    448    450    447    443    429    426    427    457    445    447    435    458    431    414    430    418    411    388    413    418    395    399    398    422    386    405    405    374    386    397    376    371    380    391    378    355    356    381    352    354    362    361    365    345    343    346    327    364    328    342    338    313    292    326    315    295    334    293    316    307    297    282    290    256    279    295    283    258    266    260    259    239    237    247    233    262    216    232    211    237    219    232    221    205    224    216    225    209    207    187    179    188    190    171    171    176    160    161    173    160    162    157    148    139    140    141    142    128    114    124    101    110     84     83     82     75     58     43     38     27     28     25     19     14      7      4      4      3      1
# FIRST_PER_SIZE_SOLS_RED:         1    100    100    100    100    100    100    100    100    100    100    100    100    100    100    100    100    100    100    100    100    100    100    100    100    100    100    100    100    100    100    100    100    100    100    100    100    100    100    100    100    100    100    100    100    100    100    100    100    100    100    100    100    100    100    100    100    100    100    100    100    100    100    100    100    100    100    100    100    100    100    100    100    100    100    100    100    100    100    100    100    100    100    100    100    100    100    100    100    100    100    100    100    100    100    100    100    100    100    100    100    100    100    100    100    100    100    100    100    100    100    100    100    100    100    100    100    100    100    100    100    100    100    100    100    100    100    100    100    100    100    100    100    100    100    100    100    100    100    100    100    100    100    100    100    100    100    100    100    100    100    100    100    100    100    100    100    100    100    100    100    100    100    100    100    100    100    100    100    100    100    100    100    100    100    100    100    100    100    100    100    100    100    100    100    100    100    100    100    100    100    100    100    100    100    100    100    100    100    100    100    100    100    100    100    100    100    100    100    100    100    100    100    100    100    100    100    100    100    100    100    100    100    100    100    100    100    100    100    100    100    100    100    100    100    100    100    100    100    100    100    100    100    100    100    100    100    100    100    100    100    100    100    100    100    100    100    100    100    100    100    100    100    100    100    100    100    100    100    100    100    100    100    100    100    100    100    100    100    100    100    100    100    100    100    100    100    100    100    100    100    100    100    100    100    100    100    100    100    100    100    100    100    100    100    100    100    100    100    100    100    100    100    100    100    100    100    100    100    100    100    100    100    100    100    100    100    100    100    100    100    100    100    100    100     84     83     82     75     58     43     38     27     28     25     19     14      7      4      4      3      1
# FIRST_PER_SIZE_LOCAL_OPT:        0      0      0      0      0      0      0      0      0      0      0      0      0      0      0      0      0      0      0      0      0      0      0      0      0      0      0      0      0      0      0      0      0      0      0      0      0      0      0      0      0      0      0      0      0      0      0      0      0      0      0      0      0      0      0      0      0      0      0      0      0      0      0      0      0      0      0      0      0      0      0      0      0      0      0      0      0      0      0      0      0      0      0      0      0      0      0      0      0      0      0      0      0      0      0      0      0      0      0      0      0      0      0      0      0      0      0      0      0      0      0      0      0      0      0      0      0      0      0      0      0      0      0      0      0      0      0      0      0      0      0      0      0      0      0      0      0      0      0      0      0      0      0      0      0      0      0      0      0      0      0      0      0      0      0      0      0      0      0      0      0      0      0      0      0      0      0      0      0      0      0      0      0      0      0      0      0      0      0      0      0      0      0      0      0      0      0      0      0      0      0      0      0      0      0      0      0      0      0      0      0      0      0      0      0      0      0      0      0      0      0      0      0      0      0      0      0      0      0      0      0      0      0      0      0      0      0      0      0      0      0      0      0      0      0      0      0      0      0      0      0      0      0      0      0      0      0      0      0      0      0      0      0      0      0      0      0      0      0      0      0      0      0      0      0      0      0      0      0      0      0      0      0      0      0      0      0      0      0      0      0      0      0      0      0      0      0      0      0      0      0      0      0      0      0      0      0      0      0      0      0      0      0      0      0      0      0      0      0      0      0      0      0      0      0      0      0      0      0      0      0      0      0      0      0      0      0      0      0      0      0      0      0      0      0      0      0      0      0      0      0      0      0      0      0      0      0      0      0      0      0      0

== PER RESTART INFO ==
# RST        0 -99169.000000 412.030000

== SOLUTIONS DATA ==
# OUTPUT_SOLUTIONS: 1

== SOLUTION ==
# VALUE: -99169.000000
# ASSIGNS: 0 1 2 198 4 5 6 7 296 9 10 11 222 10 241 314 16 17 18 19 20 21 376 23 24 25 26 27 28 29 30 31 32 33 34 109 345 142 38 39 40 41 286 378 44 45 46 47 296 125 425 51 52 181 179 55 157 57 58 59 60 325 62 63 64 65 16 67 174 69 70 71 72 426 365 75 76 77 312 163 80 81 82 5 167 85 86 87 88 210 90 91 132 133 129 195 96 97 202 71 100 222 102 103 410 105 106 107 108 109 214 111 182 172 114 115 116 483 91 119 120 390 122 152 124 125 126 127 178 129 484 131 132 133 167 236 136 52 138 139 140 453 142 143 467 145 146 147 148 495 425 151 152 96 154 155 156 157 158 159 160 209 162 163 164 165 166 167 411 169 34 171 172 257 174 175 176 177 178 179 449 181 182 183 184 283 374 100 188 189 335 107 192 193 194 195 312 397 198 199 200 201 202 203 204 205 71 207 464 209 210 472 234 213 214 215 216 9 179 219 487 221 222 223 395 225 374 227 228 229 230 231 232 312 234 235 236 237 1 239 240 241 269 204 244 245 246 247 248 249 250 52 252 253 320 255 71 257 258 406 355 414 262 147 264 177 215 229 268 269 270 486 268 273 274 275 276 107 278 221 231 281 282 283 252 285 286 287 30 230 290 291 292 236 103 10 296 297 298 299 458 96 302 303 304 447 484 468 308 169 464 479 312 313 314 315 181 478 318 319 320 321 322 323 324 325 165 234 328 320 330 331 21 412 334 335 230 337 338 203 129 24 342 423 344 345 34 347 348 349 350 425 352 364 202 355 356 426 157 359 360 375 362 70 364 365 47 292 473 369 370 371 372 330 374 375 376 377 378 313 365 381 382 383 384 385 235 334 388 389 390 391 437 393 394 395 396 397 398 399 27 401 402 397 404 405 406 407 81 409 410 411 412 241 414 415 416 417 169 419 420 394 129 423 424 425 426 291 347 429 430 240 335 433 434 435 198 437 438 411 47 441 314 443 444 445 446 447 448 449 157 451 231 453 445 396 423 457 458 414 460 214 1 463 464 465 466 467 468 469 470 471 472 473 474 475 476 477 478 479 480 481 482 483 484 416 486 487 488 489 235 491 75 376 240 495 331 364 498 499
# N_FACS: 334
# INDEXES: 0 1 2 4 5 6 7 9 10 11 16 17 18 19 20 21 23 24 25 26 27 28 29 30 31 32 33 34 38 39 40 41 44 45 46 47 51 52 55 57 58 59 60 62 63 64 65 67 69 70 71 72 75 76 77 80 81 82 85 86 87 88 90 91 96 97 100 102 103 105 106 107 108 109 111 114 115 116 119 120 122 124 125 126 127 129 131 132 133 136 138 139 140 142 143 145 146 147 148 151 152 154 155 156 157 158 159 160 162 163 164 165 166 167 169 171 172 174 175 176 177 178 179 181 182 183 184 188 189 192 193 194 195 198 199 200 201 202 203 204 205 207 209 210 213 214 215 216 219 221 222 223 225 227 228 229 230 231 232 234 235 236 237 239 240 241 244 245 246 247 248 249 250 252 253 255 257 258 262 264 268 269 270 273 274 275 276 278 281 282 283 285 286 287 290 291 292 296 297 298 299 302 303 304 308 312 313 314 315 318 319 320 321 322 323 324 325 328 330 331 334 335 337 338 342 344 345 347 348 349 350 352 355 356 359 360 362 364 365 369 370 371 372 374 375 376 377 378 381 382 383 384 385 388 389 390 391 393 394 395 396 397 398 399 401 402 404 405 406 407 409 410 411 412 414 415 416 417 419 420 423 424 425 426 429 430 433 434 435 437 438 441 443 444 445 446 447 448 449 451 453 457 458 460 463 464 465 466 467 468 469 470 471 472 473 474 475 476 477 478 479 480 481 482 483 484 486 487 488 489 491 495 498 499 
FAC 0 : 0
FAC 1 : 1 238 462
FAC 2 : 2
FAC 4 : 4
FAC 5 : 5 83
FAC 6 : 6
FAC 7 : 7
FAC 9 : 9 217
FAC 10 : 10 13 295
FAC 11 : 11
FAC 16 : 16 66
FAC 17 : 17
FAC 18 : 18
FAC 19 : 19
FAC 20 : 20
FAC 21 : 21 332
FAC 23 : 23
FAC 24 : 24 341
FAC 25 : 25
FAC 26 : 26
FAC 27 : 27 400
FAC 28 : 28
FAC 29 : 29
FAC 30 : 30 288
FAC 31 : 31
FAC 32 : 32
FAC 33 : 33
FAC 34 : 34 170 346
FAC 38 : 38
FAC 39 : 39
FAC 40 : 40
FAC 41 : 41
FAC 44 : 44
FAC 45 : 45
FAC 46 : 46
FAC 47 : 47 366 440
FAC 51 : 51
FAC 52 : 52 137 251
FAC 55 : 55
FAC 57 : 57
FAC 58 : 58
FAC 59 : 59
FAC 60 : 60
FAC 62 : 62
FAC 63 : 63
FAC 64 : 64
FAC 65 : 65
FAC 67 : 67
FAC 69 : 69
FAC 70 : 70 363
FAC 71 : 71 99 206 256
FAC 72 : 72
FAC 75 : 75 492
FAC 76 : 76
FAC 77 : 77
FAC 80 : 80
FAC 81 : 81 408
FAC 82 : 82
FAC 85 : 85
FAC 86 : 86
FAC 87 : 87
FAC 88 : 88
FAC 90 : 90
FAC 91 : 91 118
FAC 96 : 96 153 301
FAC 97 : 97
FAC 100 : 100 187
FAC 102 : 102
FAC 103 : 103 294
FAC 105 : 105
FAC 106 : 106
FAC 107 : 107 191 277
FAC 108 : 108
FAC 109 : 35 109
FAC 111 : 111
FAC 114 : 114
FAC 115 : 115
FAC 116 : 116
FAC 119 : 119
FAC 120 : 120
FAC 122 : 122
FAC 124 : 124
FAC 125 : 49 125
FAC 126 : 126
FAC 127 : 127
FAC 129 : 94 129 340 422
FAC 131 : 131
FAC 132 : 92 132
FAC 133 : 93 133
FAC 136 : 136
FAC 138 : 138
FAC 139 : 139
FAC 140 : 140
FAC 142 : 37 142
FAC 143 : 143
FAC 145 : 145
FAC 146 : 146
FAC 147 : 147 263
FAC 148 : 148
FAC 151 : 151
FAC 152 : 123 152
FAC 154 : 154
FAC 155 : 155
FAC 156 : 156
FAC 157 : 56 157 358 450
FAC 158 : 158
FAC 159 : 159
FAC 160 : 160
FAC 162 : 162
FAC 163 : 79 163
FAC 164 : 164
FAC 165 : 165 326
FAC 166 : 166
FAC 167 : 84 134 167
FAC 169 : 169 309 418
FAC 171 : 171
FAC 172 : 113 172
FAC 174 : 68 174
FAC 175 : 175
FAC 176 : 176
FAC 177 : 177 265
FAC 178 : 128 178
FAC 179 : 54 179 218
FAC 181 : 53 181 316
FAC 182 : 112 182
FAC 183 : 183
FAC 184 : 184
FAC 188 : 188
FAC 189 : 189
FAC 192 : 192
FAC 193 : 193
FAC 194 : 194
FAC 195 : 95 195
FAC 198 : 3 198 436
FAC 199 : 199
FAC 200 : 200
FAC 201 : 201
FAC 202 : 98 202 354
FAC 203 : 203 339
FAC 204 : 204 243
FAC 205 : 205
FAC 207 : 207
FAC 209 : 161 209
FAC 210 : 89 210
FAC 213 : 213
FAC 214 : 110 214 461
FAC 215 : 215 266
FAC 216 : 216
FAC 219 : 219
FAC 221 : 221 279
FAC 222 : 12 101 222
FAC 223 : 223
FAC 225 : 225
FAC 227 : 227
FAC 228 : 228
FAC 229 : 229 267
FAC 230 : 230 289 336
FAC 231 : 231 280 452
FAC 232 : 232
FAC 234 : 212 234 327
FAC 235 : 235 386 490
FAC 236 : 135 236 293
FAC 237 : 237
FAC 239 : 239
FAC 240 : 240 431 494
FAC 241 : 14 241 413
FAC 244 : 244
FAC 245 : 245
FAC 246 : 246
FAC 247 : 247
FAC 248 : 248
FAC 249 : 249
FAC 250 : 250
FAC 252 : 252 284
FAC 253 : 253
FAC 255 : 255
FAC 257 : 173 257
FAC 258 : 258
FAC 262 : 262
FAC 264 : 264
FAC 268 : 268 272
FAC 269 : 242 269
FAC 270 : 270
FAC 273 : 273
FAC 274 : 274
FAC 275 : 275
FAC 276 : 276
FAC 278 : 278
FAC 281 : 281
FAC 282 : 282
FAC 283 : 185 283
FAC 285 : 285
FAC 286 : 42 286
FAC 287 : 287
FAC 290 : 290
FAC 291 : 291 427
FAC 292 : 292 367
FAC 296 : 8 48 296
FAC 297 : 297
FAC 298 : 298
FAC 299 : 299
FAC 302 : 302
FAC 303 : 303
FAC 304 : 304
FAC 308 : 308
FAC 312 : 78 196 233 312
FAC 313 : 313 379
FAC 314 : 15 314 442
FAC 315 : 315
FAC 318 : 318
FAC 319 : 319
FAC 320 : 254 320 329
FAC 321 : 321
FAC 322 : 322
FAC 323 : 323
FAC 324 : 324
FAC 325 : 61 325
FAC 328 : 328
FAC 330 : 330 373
FAC 331 : 331 496
FAC 334 : 334 387
FAC 335 : 190 335 432
FAC 337 : 337
FAC 338 : 338
FAC 342 : 342
FAC 344 : 344
FAC 345 : 36 345
FAC 347 : 347 428
FAC 348 : 348
FAC 349 : 349
FAC 350 : 350
FAC 352 : 352
FAC 355 : 260 355
FAC 356 : 356
FAC 359 : 359
FAC 360 : 360
FAC 362 : 362
FAC 364 : 353 364 497
FAC 365 : 74 365 380
FAC 369 : 369
FAC 370 : 370
FAC 371 : 371
FAC 372 : 372
FAC 374 : 186 226 374
FAC 375 : 361 375
FAC 376 : 22 376 493
FAC 377 : 377
FAC 378 : 43 378
FAC 381 : 381
FAC 382 : 382
FAC 383 : 383
FAC 384 : 384
FAC 385 : 385
FAC 388 : 388
FAC 389 : 389
FAC 390 : 121 390
FAC 391 : 391
FAC 393 : 393
FAC 394 : 394 421
FAC 395 : 224 395
FAC 396 : 396 455
FAC 397 : 197 397 403
FAC 398 : 398
FAC 399 : 399
FAC 401 : 401
FAC 402 : 402
FAC 404 : 404
FAC 405 : 405
FAC 406 : 259 406
FAC 407 : 407
FAC 409 : 409
FAC 410 : 104 410
FAC 411 : 168 411 439
FAC 412 : 333 412
FAC 414 : 261 414 459
FAC 415 : 415
FAC 416 : 416 485
FAC 417 : 417
FAC 419 : 419
FAC 420 : 420
FAC 423 : 343 423 456
FAC 424 : 424
FAC 425 : 50 150 351 425
FAC 426 : 73 357 426
FAC 429 : 429
FAC 430 : 430
FAC 433 : 433
FAC 434 : 434
FAC 435 : 435
FAC 437 : 392 437
FAC 438 : 438
FAC 441 : 441
FAC 443 : 443
FAC 444 : 444
FAC 445 : 445 454
FAC 446 : 446
FAC 447 : 305 447
FAC 448 : 448
FAC 449 : 180 449
FAC 451 : 451
FAC 453 : 141 453
FAC 457 : 457
FAC 458 : 300 458
FAC 460 : 460
FAC 463 : 463
FAC 464 : 208 310 464
FAC 465 : 465
FAC 466 : 466
FAC 467 : 144 467
FAC 468 : 307 468
FAC 469 : 469
FAC 470 : 470
FAC 471 : 471
FAC 472 : 211 472
FAC 473 : 368 473
FAC 474 : 474
FAC 475 : 475
FAC 476 : 476
FAC 477 : 477
FAC 478 : 317 478
FAC 479 : 311 479
FAC 480 : 480
FAC 481 : 481
FAC 482 : 482
FAC 483 : 117 483
FAC 484 : 130 306 484
FAC 486 : 271 486
FAC 487 : 220 487
FAC 488 : 488
FAC 489 : 489
FAC 491 : 491
FAC 495 : 149 495
FAC 498 : 498
FAC 499 : 499
