== PROBLEM ==
# N_FACILITIES: 1500
# N_CLIENTS: 1500
# SIZE_RESTRICTION_MINIMUM: -1
# SIZE_RESTRICTION_MAXIMUM: -1

== RUN DATA ==
# FILTER: BETTER_THAN_ALL_PARENTS (3)
# TARGET_SOLS: 1
# PRECOMP_CLIENT_OPTIMAL_GAIN: 0.000000
# N_THREADS: 4
# SELECT_ONLY_TERMINAL: 1
# LOCAL_SEARCH: SWAP_RESENDE_WERNECK
# LOCAL_SEARCH_BEFORE_SELECT: 1
# LOCAL_SEARCH_REM_MOVEMENT: 1
# LOCAL_SEARCH_ADD_MOVEMENT: 1
# BRANCHING_FACTOR: 8
# BRANCHING_FACTOR_CORRECTION: 1
# PATH_RELINKING: PATH_RELINKING_UNTIL_NO_BETTER
# PATH_RELINKING_LOCAL_SEARCH: SWAP_RESENDE_WERNECK
# RANDOM_SEED: 1621838427
# RESTARTS: 1
# VERBOSE: 0
# BRANCH_AND_BOUND: 0 (deprecated)
# LOWER_BOUND: -2000801.000000 

# REDUCTION: sdbs+:300:mgesum _best:600
# INPUT_FILE: "problems_kmedian_original/1500-10"
# CPU_TIME: 647.590027
# ELAPSED: 164.155838
# VIRT_MEM_PEAK_KB: 1455860
# TOTAL_ITERATIONS: 25

== LOCAL SEARCH INFO ==
# LOCAL_SEARCH_CPU_TIME: 340.260000
# N_LOCAL_SEARCHES: 35416
# AVG_LOCAL_SEARCH_MOVES: 4.857466

== PATH RELINKING INFO ==
# PATH_RELINKING_CPU_TIME: 302.810000
== FIRST RESTART INFO ==
# FIRST_ITERATIONS: 25
# FIRST_PER_SIZE_SOLS:             1   1500   2379   2372   2347   2294   2225   2149   2019   1867   1669   1518   1333   1155    931    770    608    489    406    284    225    152     64     24      4
# FIRST_PER_SIZE_SOLS_RED:         1    300    300    300    300    300    300    300    300    300    300    300    300    300    300    300    300    300    300    284    225    152     64     24      4
# FIRST_PER_SIZE_LOCAL_OPT:        0      0      0      0      0      0      0      0      0      0      0      0      0      0      0      0      0      0      0      0      0      0      0      0      0

== PER RESTART INFO ==
# RST        0 -2000801.000000 647.590000

== SOLUTIONS DATA ==
# OUTPUT_SOLUTIONS: 1

== SOLUTION ==
# VALUE: -2000801.000000
# ASSIGNS: 1330 294 294 76 1124 938 861 76 861 486 215 19 35 861 938 1041 1320 861 74 19 938 76 35 115 294 1320 274 1124 1124 115 1124 1124 486 1124 215 35 1330 938 76 861 808 215 1320 1320 486 115 215 19 48 48 35 486 1124 861 1260 115 938 294 1124 76 486 1041 1320 76 486 861 938 486 115 1320 76 294 486 76 74 76 76 19 35 1124 1330 48 74 861 808 74 1330 1041 486 48 48 1041 861 1320 274 1330 938 215 19 35 48 76 215 48 1330 115 1041 274 48 861 215 1320 808 19 48 115 1260 294 76 486 1320 1260 486 1124 1320 48 938 115 48 48 1320 1260 1330 76 274 19 1260 486 938 1320 35 19 861 861 215 861 1330 861 35 1260 808 115 1320 1041 938 938 74 486 115 1124 76 1124 274 938 19 1041 1320 35 274 861 76 1320 274 115 1260 1330 74 808 48 294 19 1330 35 115 1041 294 35 486 861 215 294 861 938 1320 35 115 19 294 1320 1320 1320 74 486 1260 74 48 115 1320 48 294 274 938 1041 861 1041 215 215 486 1320 48 938 1330 938 1320 76 1330 76 861 486 861 1260 1124 1041 1260 486 1041 274 938 76 808 1320 115 1124 215 48 1041 1330 215 74 294 215 19 74 1260 294 1320 486 294 486 486 1260 76 1124 1041 1320 35 1260 938 215 35 74 274 74 19 274 74 861 274 938 74 1320 294 486 1124 74 938 35 1124 1320 1320 19 808 1041 74 294 1041 1041 74 808 74 861 35 1260 808 938 861 76 486 1320 215 938 1320 938 1330 1260 1041 274 294 48 1330 1320 1260 215 1330 76 19 1124 1124 294 19 1320 1330 48 808 808 74 1330 486 486 1330 215 1260 486 861 486 274 76 48 294 48 274 1260 808 294 274 74 48 938 938 115 1320 486 1260 1320 1124 1260 1330 274 35 861 35 274 274 861 1260 115 274 861 294 1330 115 861 215 1041 35 294 486 1041 1320 1260 1041 274 861 74 215 274 938 294 1320 808 48 215 35 1330 35 1330 74 1124 215 486 215 294 294 76 808 1260 76 1260 1320 1124 294 808 274 1124 1260 1260 486 938 1330 861 115 1041 274 76 48 274 215 486 861 1320 1124 938 1041 294 486 294 76 19 1330 861 938 35 1320 938 1124 808 35 48 938 35 74 48 486 486 486 938 808 1124 1330 19 274 48 76 274 808 1041 74 215 48 1041 294 1124 274 1320 1330 74 486 1041 1124 274 274 1320 861 1041 74 48 274 938 938 1124 74 938 294 486 215 1320 1260 35 1330 19 19 19 486 1320 1124 938 861 115 294 1260 19 115 74 808 1320 486 1320 274 1041 274 215 486 294 1260 294 274 48 115 48 1260 76 808 274 1124 808 861 294 76 294 1330 861 1320 274 486 1041 1260 808 861 1041 274 48 48 1260 1320 486 74 19 1320 115 294 35 294 294 938 19 48 74 1320 1320 808 808 1124 861 294 35 808 48 1320 74 48 19 1260 19 19 861 1124 1124 74 808 1260 938 808 294 115 861 115 215 1320 35 274 215 1041 486 76 74 215 35 808 861 1330 35 1124 1320 294 48 74 938 1041 115 294 1330 808 938 48 1320 76 938 808 115 76 19 294 19 115 74 19 76 215 861 938 215 486 76 486 19 1320 1260 76 938 861 294 861 1320 1124 486 1124 76 115 1124 486 76 74 1260 35 274 1330 74 1330 1320 294 35 35 76 115 76 48 938 808 861 808 1124 486 938 1041 19 274 1320 486 1041 48 74 74 1041 115 861 274 1260 1260 35 808 861 861 48 19 1320 76 1330 35 1124 1330 48 808 1330 1260 808 35 1330 486 1330 808 938 486 486 35 74 1041 486 35 48 294 48 74 48 1320 115 1320 35 1330 115 274 861 274 861 1041 1041 115 1260 1320 35 48 35 861 74 938 808 19 1320 115 1260 294 861 1320 486 274 76 35 274 938 274 274 1320 808 76 74 74 215 1260 48 938 808 808 938 294 1320 48 76 76 1124 1320 76 74 1330 48 274 19 938 294 1041 808 1320 1124 35 19 215 48 74 1124 76 294 274 215 938 274 1041 115 19 35 486 35 1041 861 1330 861 861 861 274 486 861 1320 808 35 808 808 808 861 274 48 19 48 1260 1260 861 861 48 115 19 35 808 1124 861 48 861 294 1330 486 115 274 486 1124 1124 861 19 1041 48 274 938 808 48 1124 1260 1124 486 294 938 48 1260 294 938 76 76 1041 1124 115 1260 861 808 215 1124 1320 35 1330 215 1330 1260 48 294 294 274 1124 808 215 808 274 486 1124 861 115 35 808 215 274 861 215 35 861 808 1260 1330 1124 486 1041 1041 294 294 486 1124 938 1320 938 861 48 486 938 48 486 215 19 1320 48 808 1260 19 19 1320 76 808 486 1041 215 48 1260 861 48 1124 76 486 215 486 294 1320 294 861 215 808 938 35 294 486 215 294 294 861 1260 35 19 1330 808 215 76 35 938 1320 19 1320 35 74 76 19 1124 938 274 76 74 115 1124 294 1041 808 19 808 48 861 1260 1330 1320 294 74 48 1041 1260 19 486 294 808 1320 294 1041 48 74 1320 486 1041 294 294 1041 1124 1260 1330 1041 938 1124 1041 294 861 1260 486 1320 861 19 486 74 274 74 808 19 48 1260 1041 861 19 76 808 1124 1260 486 1124 274 1330 486 48 861 938 294 74 215 486 486 274 1320 1320 1260 1124 1260 274 274 294 48 808 1320 938 115 1330 486 808 808 215 294 938 1330 274 294 1124 486 35 215 74 1320 74 861 35 294 486 938 274 19 1041 1320 76 1260 486 486 1330 76 808 1124 48 76 115 48 938 1330 1260 808 115 19 215 274 808 1124 35 115 76 1320 76 938 1260 1320 74 294 74 215 35 808 294 274 808 215 1330 274 486 76 1041 486 861 48 48 486 19 486 115 19 861 861 294 274 35 1260 274 19 274 35 1124 48 1124 861 1320 1320 48 294 808 486 115 215 48 1124 1041 938 76 1260 1330 1124 808 48 74 486 808 74 294 76 115 215 1124 294 274 808 19 294 861 115 1320 1320 294 486 35 1330 1041 35 19 861 74 35 1260 1320 861 294 115 1124 19 1124 861 1124 35 294 808 76 1320 938 1260 215 115 486 215 808 35 1320 294 1320 861 74 1124 1260 76 808 215 19 274 294 74 1041 48 486 76 486 1320 808 294 486 938 1124 76 215 19 938 1260 215 48 1320 35 1320 1330 294 294 486 1320 1260 35 19 1320 861 938 861 294 486 808 938 274 76 35 938 861 938 1330 1124 19 294 274 74 938 1260 76 1320 1260 808 274 1041 215 1260 1124 76 1320 1330 19 1124 1124 808 486 76 48 486 486 1260 486 215 76 808 1320 861 1041 215 1330 1330 115 1320 115 938 1041 76 74 1320 48 274 1320 48 938 35 808 115 19 861 1124 74 35 808 1124 48 938 1124 1330 1260 486 808 861 35 861 274 274 1124 19 115 808 1124 861 19 1041 74 1124 486 35 486 1320 861 76 274 115 115 1260 19 1124 1260 274 48 35 294 861 1260 1041 76 486 74 35 861 115 274 486 486 215 35 35 938 861 74 48 486 861 1041 19 1124 1320 1041 1124 1041 274 938 1124 861 294 1330 1124 1124 19 1320 1124 1320 115 1330 861 861 294 861 486 48 19 1330 215 274 115 1330 1330 808 48 215 215 1124 486 76 1260 274 1260 486 938 1320 76 861 274 1041 1260 1330 294 1260 48 1330 1330 215 808 294 861 486 274 808 1320
# N_FACS: 18
# INDEXES: 19 35 48 74 76 115 215 274 294 486 808 861 938 1041 1124 1260 1320 1330 
FAC 19 : 11 19 47 77 98 113 135 141 164 180 196 251 273 290 325 329 447 469 509 510 511 520 566 574 590 592 593 640 642 645 654 694 713 765 804 812 825 847 855 871 946 951 952 984 992 997 1008 1020 1048 1054 1059 1114 1134 1167 1170 1178 1215 1227 1237 1264 1281 1296 1313 1331 1367 1387 1392 1406 1435 1449 1461
FAC 35 : 12 22 35 50 78 99 140 148 167 182 186 194 265 269 286 301 368 370 384 402 404 451 456 459 507 570 584 608 616 620 673 680 681 708 717 725 733 737 746 758 760 775 811 826 828 840 856 899 917 923 975 983 989 994 1103 1109 1139 1151 1175 1180 1223 1226 1230 1241 1253 1287 1295 1307 1364 1371 1382 1397 1411 1419 1426 1427
FAC 48 : 48 49 81 89 90 100 103 108 114 125 128 129 178 205 208 219 244 318 332 347 349 356 400 434 457 461 471 478 495 536 538 560 561 575 586 589 624 633 685 699 712 720 738 740 742 759 787 794 802 814 846 848 853 860 873 877 884 904 940 943 948 959 962 1010 1017 1027 1055 1069 1086 1125 1128 1164 1165 1182 1187 1193 1202 1269 1285 1337 1359 1362 1374 1410 1431 1460 1469 1489
FAC 74 : 18 74 82 85 156 176 201 204 248 252 270 272 275 279 284 293 297 299 335 355 393 406 460 476 485 494 500 522 565 576 588 597 614 625 644 671 676 700 701 734 741 762 783 784 800 815 995 1002 1016 1028 1050 1052 1073 1105 1107 1147 1149 1203 1206 1229 1258 1267 1316 1357 1370 1394 1418 1430
FAC 76 : 3 7 21 38 59 63 70 73 75 76 101 118 133 160 170 224 226 238 261 306 324 346 413 416 433 446 472 540 547 613 635 639 646 652 657 666 670 682 684 715 774 782 795 796 799 817 888 889 954 964 988 996 1001 1060 1117 1122 1126 1141 1143 1160 1197 1208 1244 1261 1271 1279 1306 1319 1328 1336 1343 1356 1401 1416 1474 1481
FAC 115 : 23 29 45 55 68 105 115 127 151 158 173 183 195 206 241 359 375 380 430 517 521 537 568 603 605 628 638 643 667 683 703 744 748 755 767 824 854 865 892 916 1003 1090 1127 1133 1140 1169 1191 1209 1218 1235 1249 1351 1353 1366 1388 1403 1404 1421 1453 1465
FAC 215 : 10 34 41 46 97 102 110 144 189 215 216 243 247 250 268 309 322 340 382 394 401 408 410 436 477 504 530 606 610 615 647 650 785 813 820 896 901 910 919 922 945 958 966 972 978 987 1074 1095 1104 1135 1150 1156 1192 1210 1248 1251 1263 1280 1284 1325 1342 1348 1425 1463 1470 1471 1492
FAC 274 : 26 94 107 134 162 168 172 210 236 271 274 277 316 345 350 354 367 371 372 376 391 395 422 432 435 470 473 482 489 490 496 527 529 535 542 552 559 609 674 695 705 749 751 773 776 778 779 803 819 822 835 845 866 874 907 912 920 1000 1051 1066 1077 1083 1084 1099 1113 1136 1154 1158 1174 1177 1179 1213 1265 1305 1315 1323 1360 1384 1385 1402 1409 1422 1441 1464 1476 1483 1497
FAC 294 : 1 2 24 57 71 117 179 185 190 197 209 249 254 257 281 294 317 328 348 353 378 385 397 411 412 420 443 445 480 502 518 532 534 546 548 569 571 572 583 602 623 629 641 660 679 739 769 792 806 818 862 882 886 905 906 932 933 968 970 976 979 980 1005 1015 1022 1025 1032 1033 1042 1072 1085 1096 1100 1110 1148 1153 1173 1188 1207 1212 1216 1221 1234 1242 1255 1266 1275 1290 1291 1301 1314 1412 1445 1457 1487 1494
FAC 486 : 9 32 44 51 60 64 67 72 88 119 122 137 157 187 202 217 228 234 256 258 259 282 307 337 338 342 344 361 386 409 426 437 444 462 463 464 486 503 512 525 531 553 564 612 651 653 664 669 691 697 727 731 732 736 772 827 836 864 867 881 913 929 934 941 944 956 965 967 977 1021 1030 1045 1049 1064 1068 1075 1076 1092 1102 1111 1119 1120 1159 1162 1166 1168 1190 1204 1222 1250 1270 1272 1276 1292 1302 1335 1338 1339 1341 1379 1396 1398 1417 1423 1424 1432 1459 1473 1478 1496
FAC 808 : 40 84 112 150 177 239 291 298 303 333 334 352 399 414 421 455 466 474 523 541 544 556 579 580 585 598 601 617 631 637 687 689 709 721 724 729 764 781 789 790 808 839 841 842 843 857 876 895 909 911 918 925 949 955 973 986 1007 1009 1023 1053 1061 1087 1093 1094 1123 1132 1137 1152 1155 1189 1201 1205 1214 1243 1252 1262 1274 1303 1322 1334 1344 1365 1372 1380 1389 1468 1493 1498
FAC 861 : 6 8 13 17 39 53 65 83 92 109 142 143 145 147 169 188 191 213 227 229 276 300 305 343 369 373 377 381 392 429 438 449 492 516 545 550 557 582 594 604 618 648 659 661 688 704 710 711 750 752 761 770 830 832 833 834 837 844 851 852 859 861 870 894 915 921 924 939 961 971 981 1011 1043 1047 1058 1070 1108 1163 1171 1172 1184 1217 1228 1233 1239 1257 1298 1300 1309 1346 1368 1381 1383 1391 1400 1413 1420 1429 1433 1444 1455 1456 1458 1482 1495
FAC 938 : 5 14 20 37 56 66 96 126 138 154 155 163 192 211 220 222 237 267 278 285 304 310 312 357 358 396 427 441 450 453 458 465 497 498 501 515 573 600 626 632 636 649 658 686 692 730 763 777 788 791 805 821 875 883 887 936 938 942 974 990 999 1039 1071 1089 1097 1112 1129 1144 1196 1246 1277 1282 1299 1304 1308 1310 1317 1354 1363 1375 1428 1442 1479
FAC 1041 : 15 61 87 91 106 153 165 184 212 214 232 235 245 263 292 295 296 315 383 387 390 431 442 475 479 487 493 528 554 558 611 627 693 698 702 735 753 754 807 823 829 872 890 930 931 957 1006 1018 1026 1031 1034 1038 1041 1057 1115 1161 1195 1225 1268 1324 1347 1355 1393 1415 1434 1438 1440 1484
FAC 1124 : 4 27 28 30 31 33 52 58 79 123 159 161 231 242 262 283 287 326 327 364 407 419 423 440 454 467 481 488 499 514 543 581 595 596 621 663 665 668 690 718 797 810 816 858 868 869 878 880 891 897 908 914 928 935 963 998 1004 1035 1040 1062 1065 1081 1101 1124 1138 1181 1183 1194 1200 1211 1236 1238 1240 1259 1278 1312 1327 1332 1333 1369 1373 1376 1386 1390 1395 1407 1436 1439 1443 1447 1448 1451 1472
FAC 1260 : 54 116 121 131 136 149 174 203 230 233 253 260 266 302 314 321 341 351 362 365 374 389 415 417 424 425 506 519 533 539 555 562 591 599 656 672 706 707 723 756 768 786 849 850 879 885 893 903 926 950 960 982 1012 1019 1036 1044 1056 1063 1080 1082 1118 1131 1145 1176 1198 1231 1247 1260 1283 1294 1318 1321 1326 1340 1378 1405 1408 1414 1475 1477 1485 1488
FAC 1320 : 16 25 42 43 62 69 93 111 120 124 130 139 152 166 171 193 198 199 200 207 218 223 240 255 264 280 288 289 308 311 320 330 360 363 388 398 418 439 452 483 491 505 513 524 526 551 563 567 577 578 587 607 622 634 655 662 678 696 714 743 745 757 766 771 780 793 798 809 838 898 937 947 953 969 991 993 1014 1024 1029 1046 1078 1079 1088 1106 1116 1142 1146 1185 1186 1219 1220 1232 1245 1254 1256 1273 1286 1288 1293 1297 1320 1329 1345 1352 1358 1361 1399 1437 1450 1452 1480 1499
FAC 1330 : 0 36 80 86 95 104 132 146 175 181 221 225 246 313 319 323 331 336 339 366 379 403 405 428 448 468 484 508 549 619 630 675 677 716 719 722 726 728 747 801 831 863 900 902 927 985 1013 1037 1067 1091 1098 1121 1130 1157 1199 1224 1289 1311 1330 1349 1350 1377 1446 1454 1462 1466 1467 1486 1490 1491
