== PROBLEM ==
# N_FACILITIES: 2000
# N_CLIENTS: 2000
# SIZE_RESTRICTION_MINIMUM: -1
# SIZE_RESTRICTION_MAXIMUM: -1

== RUN DATA ==
# FILTER: BETTER_THAN_ALL_PARENTS (3)
# TARGET_SOLS: 1
# PRECOMP_CLIENT_OPTIMAL_GAIN: 0.000000
# N_THREADS: 4
# SELECT_ONLY_TERMINAL: 1
# LOCAL_SEARCH: SWAP_RESENDE_WERNECK
# LOCAL_SEARCH_BEFORE_SELECT: 1
# LOCAL_SEARCH_REM_MOVEMENT: 1
# LOCAL_SEARCH_ADD_MOVEMENT: 1
# BRANCHING_FACTOR: 8
# BRANCHING_FACTOR_CORRECTION: 1
# PATH_RELINKING: PATH_RELINKING_UNTIL_NO_BETTER
# PATH_RELINKING_LOCAL_SEARCH: SWAP_RESENDE_WERNECK
# RANDOM_SEED: 1621838436
# RESTARTS: 1
# VERBOSE: 0
# BRANCH_AND_BOUND: 0 (deprecated)
# LOWER_BOUND: -2558118.000000 

# REDUCTION: sdbs+:300:mgesum _best:600
# INPUT_FILE: "problems_kmedian_original/2000-10"
# CPU_TIME: 1226.319946
# ELAPSED: 309.899200
# VIRT_MEM_PEAK_KB: 1993796
# TOTAL_ITERATIONS: 29

== LOCAL SEARCH INFO ==
# LOCAL_SEARCH_CPU_TIME: 959.820000
# N_LOCAL_SEARCHES: 40622
# AVG_LOCAL_SEARCH_MOVES: 6.861922

== PATH RELINKING INFO ==
# PATH_RELINKING_CPU_TIME: 260.260000
== FIRST RESTART INFO ==
# FIRST_ITERATIONS: 29
# FIRST_PER_SIZE_SOLS:             1   2000   2391   2378   2358   2318   2274   2179   2107   2013   1847   1686   1540   1374   1227   1039    883    694    617    495    412    338    269    171     77     19      9      2      1
# FIRST_PER_SIZE_SOLS_RED:         1    300    300    300    300    300    300    300    300    300    300    300    300    300    300    300    300    300    300    300    300    300    269    171     77     19      9      2      1
# FIRST_PER_SIZE_LOCAL_OPT:        0      0      0      0      0      0      0      0      0      0      0      0      0      0      0      0      0      0      0      0      0      0      0      0      0      0      0      0      0

== PER RESTART INFO ==
# RST        0 -2558118.000000 1226.320000

== SOLUTIONS DATA ==
# OUTPUT_SOLUTIONS: 1

== SOLUTION ==
# VALUE: -2558118.000000
# ASSIGNS: 0 1048 1220 1220 1578 50 0 1991 1058 88 1048 188 1890 1098 188 1058 1831 1098 1058 168 1098 162 1457 1991 1991 1890 162 1220 1890 162 631 748 168 1991 1831 0 1457 50 1048 440 748 188 705 1220 162 705 705 50 1578 1098 50 1991 0 88 88 88 1571 162 631 188 1048 1457 1048 705 50 88 1578 705 88 1098 0 162 748 1578 631 1554 631 162 1048 88 1991 1098 1578 1220 88 1048 50 1831 88 1220 1048 1991 0 1098 1554 1457 1098 1098 1991 705 1554 1098 88 1991 631 1220 1890 162 168 1578 50 1831 440 748 1058 631 88 1098 1890 1571 440 188 1578 88 440 1991 1058 1554 1991 88 1220 440 748 1048 705 1058 705 50 50 1058 162 1048 1457 631 88 1890 1098 440 1991 0 1554 1831 1578 88 50 1098 748 705 50 162 1578 1457 162 705 0 748 188 0 168 1098 1991 440 1554 168 188 50 1890 1554 1991 705 748 1058 748 1991 1058 1578 1554 705 188 748 1991 1571 1098 748 1220 0 1220 88 1220 88 631 1098 1890 188 748 1098 631 705 1991 1048 440 1991 1890 88 1058 1578 162 631 1578 1098 1554 1890 1098 440 1831 705 1991 1831 1048 1220 188 1890 88 1578 440 88 162 1554 1220 1991 1058 631 88 748 1098 440 0 1098 1554 88 188 1098 1098 168 168 1058 1554 1220 50 1098 50 188 1571 1578 1571 1578 631 50 1890 1098 1991 88 1571 0 1098 1457 1058 0 1831 1220 1571 1578 168 1554 1220 1048 748 1831 631 1831 188 1831 1578 1554 168 0 50 1578 1098 440 1890 1457 1831 1578 50 1058 162 1048 1554 88 1890 1220 1048 162 168 631 1098 1571 1554 0 1220 1220 188 1890 162 1058 1098 1890 50 631 1991 1571 1890 162 0 1058 1571 1457 88 168 1554 1220 188 162 1457 1098 1991 748 1220 168 50 1048 188 1058 1831 162 1571 1457 168 1058 705 1098 188 1890 1554 188 1220 1890 1991 50 440 168 1554 50 1457 1571 162 168 1048 88 1578 440 1831 440 0 88 1098 1831 1098 1578 1058 162 1098 1991 188 168 1058 705 1098 188 1991 168 0 1098 705 1048 631 1571 50 0 1991 1890 705 440 748 1220 1220 1098 1831 1457 705 1554 1578 1058 1890 705 1890 1890 748 1048 1457 1831 1991 1991 1220 440 162 1098 168 1048 440 1571 188 50 1220 1220 1098 1098 1048 1571 1578 162 88 631 88 1058 1831 162 0 1890 1457 1578 1457 631 0 1578 1048 1457 0 1220 1991 1890 440 1991 631 1571 0 1554 1048 1991 1890 1058 1098 1890 1831 88 440 1058 705 1571 631 168 631 162 1578 1058 1048 1048 1831 1890 1578 1890 1220 88 1571 440 1578 162 1457 1991 168 1098 440 1831 1578 50 440 1991 440 88 88 748 631 705 1048 1831 1098 1571 1098 1571 1890 188 168 88 1098 162 1220 1058 1554 1098 1578 1048 168 50 440 1048 50 440 1578 1457 631 1220 1578 1220 631 188 1578 440 705 1831 1578 50 1831 1831 1571 1578 1220 88 1991 1058 1098 1220 1220 1554 0 1457 1890 748 1058 1578 1220 1058 1048 1058 1220 1457 0 1831 162 705 162 1831 50 1098 1058 705 631 0 1554 1831 88 1571 1890 50 1890 50 88 168 1457 1048 705 705 748 88 88 705 1578 188 705 50 631 0 1890 50 162 188 748 162 1991 1048 1991 631 1554 705 1991 748 1098 1571 1991 1890 631 188 748 1098 162 88 1457 1220 1058 50 1048 162 440 50 1220 1571 1578 1457 1058 1831 1571 188 1578 440 1991 1554 1571 1831 1578 1048 705 1048 440 440 168 1098 1220 1098 1098 1048 50 1048 748 162 168 1220 88 168 631 162 88 188 1058 1831 440 1220 1831 1048 50 1578 748 1098 1048 1220 1571 705 705 705 631 1831 1578 168 440 1220 50 1991 1578 1220 1457 168 188 88 1991 1220 1831 1571 162 440 631 1571 440 88 1457 1058 168 1578 1991 50 162 162 1098 188 1058 88 188 168 631 1457 748 1991 1571 0 440 0 162 1991 1048 188 440 0 1831 1831 440 1578 631 1554 1457 1890 188 162 88 1991 88 1831 0 1098 1831 1048 1058 168 88 168 1098 748 1890 1831 50 1578 1890 1571 1048 168 1831 440 0 1571 1578 1048 1058 88 188 748 1890 1571 1058 1058 1048 1831 188 1058 1991 1571 50 1098 188 1220 1831 1991 1220 1554 168 1098 50 162 705 1554 1831 162 168 50 1991 168 1048 1098 1058 1220 162 1058 168 88 168 168 1578 188 188 440 1058 1554 1571 1831 1991 0 168 1220 631 168 1220 0 1991 1554 88 1991 1220 1831 88 0 1578 1890 168 1991 1220 705 0 1058 1048 1048 162 188 1571 631 1991 88 1048 748 440 1578 705 1890 748 188 188 1890 1991 1554 748 1831 1578 1890 50 748 88 1220 168 162 1220 1098 705 1048 705 705 1058 631 1048 1890 705 1578 0 88 168 1220 0 1571 1098 1058 631 168 88 188 705 0 440 1991 1058 705 748 1991 1554 0 1048 50 188 1048 1890 50 1578 1098 1058 50 1457 0 1831 88 188 748 162 705 748 1571 1098 1457 1220 88 1890 168 1457 1220 88 1890 1578 88 1578 168 188 1098 705 1890 188 748 168 705 1098 1058 631 1098 1048 188 88 1220 748 1220 1578 1831 1098 50 168 1220 631 1098 1571 1831 162 1048 162 188 631 168 88 705 188 168 162 50 1578 1098 1048 0 188 1058 188 1098 1991 1220 162 1220 1890 50 188 748 1831 1457 748 1991 162 1991 162 1890 1058 1457 631 1578 50 1554 1578 50 1098 1058 1098 1220 1048 162 188 1220 440 1578 631 50 1048 1098 1058 188 1220 162 440 162 0 0 1220 748 1578 1048 1571 50 1457 188 168 748 188 188 1048 1098 631 188 0 1220 88 631 1457 1098 168 1220 188 1058 0 1098 1554 88 705 88 1098 168 705 168 748 1098 188 1831 1058 705 1890 1220 0 88 1220 1578 188 705 1991 1058 88 1554 1554 168 1058 1890 748 1098 1554 705 1058 1098 748 188 705 440 1890 1991 1098 162 0 1991 1890 188 50 50 631 1571 1554 1058 1220 168 1991 1890 1578 440 631 188 88 1220 1890 50 1098 0 168 1991 631 1571 162 705 1831 1991 168 50 1831 705 1220 1554 1554 1048 440 188 1457 1890 188 1831 50 0 162 631 1991 1890 50 1098 1831 705 1457 50 1831 88 1578 440 168 748 162 1220 705 168 1098 1220 168 1831 50 748 1048 631 1058 162 50 1578 168 1098 1220 1098 1991 162 0 631 162 1058 1831 0 188 631 748 88 88 0 1991 1578 705 631 1831 1554 1991 748 1831 1048 1220 1571 1098 1578 1831 1098 1831 1098 88 188 1220 1991 168 168 1457 631 1991 1098 50 1890 1048 1991 1991 705 162 1991 162 440 1457 162 1058 1831 1991 631 1991 1098 1220 188 88 1058 88 440 50 188 1578 1571 1578 1578 88 1890 631 88 168 1571 88 1554 1571 631 188 1048 631 0 1058 162 705 1571 1578 50 631 162 705 88 748 1571 1554 1220 705 0 748 1578 1098 1571 162 1058 50 1220 1578 1457 1554 631 1058 1831 0 1220 1058 1457 631 50 1457 88 1831 1991 1098 1571 1220 188 1554 748 1048 1571 1457 440 1578 1048 1048 631 188 1578 1058 1058 188 1831 1578 1048 188 1058 50 440 1578 0 1048 50 1220 1571 1991 440 1457 1831 1058 1571 88 168 1058 1554 88 1991 1831 50 1831 1890 162 1578 1571 1571 88 1571 1554 1571 1048 1831 50 1058 1554 631 1991 0 631 440 1571 1098 705 705 1831 440 0 168 1554 1098 631 1831 1457 162 0 0 0 1457 1991 88 1890 631 1831 1571 1220 1457 1098 748 705 0 1098 1098 631 168 188 1554 50 188 0 748 1554 1457 188 1457 631 168 1578 440 168 50 631 1457 188 1457 1048 1554 1058 188 1554 1048 1058 748 0 1098 1058 162 1220 1831 1554 440 1578 188 1991 1048 1048 1058 1554 1048 162 1048 1578 705 50 1571 1890 1890 748 162 1058 0 1831 1220 1058 1220 1554 1220 1991 88 1457 631 1220 1058 1578 705 50 88 1554 1048 748 631 1554 1457 748 1890 168 1991 162 1991 1048 1831 162 1058 188 1220 631 188 1220 50 1831 162 748 162 50 1554 1098 1058 748 1098 705 440 1554 188 1991 1048 1890 440 0 1457 1220 0 50 1048 188 748 1098 168 1058 1571 1098 88 705 1058 1578 705 1578 168 440 1554 168 1554 1457 1220 1098 1578 1554 1098 1457 162 1554 188 1058 188 188 1058 1048 1554 1048 705 440 1058 188 162 1098 1554 1991 1098 1058 1058 631 705 1831 88 50 440 631 1098 1048 50 748 440 631 50 162 748 1058 168 705 0 440 1220 748 1831 631 88 1098 50 1098 1578 1048 1098 1457 50 188 1831 705 1048 1457 0 1220 0 631 188 631 1457 1890 1457 0 1058 1991 88 1991 1220 1831 1048 1048 188 440 1991 162 1831 1991 1578 705 168 162 1058 748 440 162 1098 1991 1991 162 1831 1554 1048 705 748 1048 1578 1991 1578 162 50 748 1831 1890 1457 88 1457 1991 162 1571 50 168 631 188 1098 440 1578 1058 1554 1831 88 0 1457 1554 88 748 1890 1048 1890 1220 1554 1991 1578 1578 1220 162 188 1457 1571 1098 1098 1048 1890 168 1048 50 1220 1554 631 88 88 1554 1058 50 1457 631 1048 440 1831 1571 1220 1220 1831 88 50 1457 1991 1457 440 1554 188 631 1554 50 188 168 1831 1457 748 1058 1220 162 1571 631 440 1048 1098 1220 1890 1048 1058 1831 631 1220 1578 168 50 748 440 1098 188 88 705 1554 1220 88 168 1890 1831 1571 1991 1220 1220 50 50 1554 1220 188 705 1457 1991 705 1098 705 168 748 188 88 1048 631 748 705 1457 1220 1831 0 168 1890 748 705 705 440 162 50 1554 1890 1457 188 1457 1457 1578 1220 50 1571 1578 1058 1831 88 748 1220 705 188 50 50 88 1578 50 50 50 162 1890 1457 50 168 1991 1831 1048 1571 705 1578 1831 168 440 1220 88 705 1831 1890 162 705 1220 631 162 1890 1048 1058 1058 1220 162 1578 748 440 162 88 440 0 1890 1220 748 168 1058 631 162 1098 168 1991 162 1220 0 1098 1098 440 1578 631 748 1058 1578 1890 631 1554 0 0 1058 1831 1831 1058 440 0 1220 1991 188 1571 705 1457 1991 748 440 162 748 1220 1890 1048 1098 1048 1554 88 88 1831 1220 748 168 1571 88 748 1890 1991 1220 1048 1457 188 1098 1048 1048 1058 1098 1578 1831 1991 1831 1578 1220 748 88 1991 1831 1991 1991 1554 1831 50 88 1890 1048 162 1991 162 162 1098 1098 168 631 1578 1554
# N_FACS: 21
# INDEXES: 0 50 88 162 168 188 440 631 705 748 1048 1058 1098 1220 1457 1554 1571 1578 1831 1890 1991 
FAC 0 : 0 6 35 52 70 92 149 164 167 195 246 273 277 295 319 334 384 402 409 458 464 468 476 574 586 597 621 751 753 759 774 794 851 857 865 872 916 920 929 937 949 1015 1064 1065 1082 1092 1110 1138 1161 1185 1224 1229 1235 1307 1323 1338 1375 1411 1420 1428 1429 1430 1443 1452 1476 1503 1560 1563 1631 1651 1653 1660 1718 1832 1902 1915 1927 1928 1934
FAC 50 : 5 37 47 50 64 86 110 137 138 154 158 175 258 260 267 296 304 328 350 369 373 408 443 515 543 546 561 592 603 605 619 623 649 653 680 698 714 737 786 812 822 829 898 939 943 947 993 1011 1025 1040 1043 1055 1071 1142 1143 1159 1171 1184 1190 1195 1210 1216 1264 1288 1313 1330 1343 1372 1377 1393 1406 1450 1463 1496 1518 1541 1546 1564 1616 1621 1625 1639 1645 1697 1707 1742 1750 1761 1770 1793 1810 1811 1840 1849 1859 1860 1863 1864 1865 1869 1986
FAC 88 : 9 53 54 55 65 68 79 84 88 102 116 123 129 144 153 197 199 213 232 235 242 249 271 309 338 379 385 452 454 485 503 519 520 533 567 600 606 613 614 645 686 690 721 731 743 770 772 780 799 839 860 864 881 900 917 926 951 961 966 969 986 1006 1084 1095 1097 1111 1118 1156 1197 1233 1234 1254 1284 1286 1294 1297 1300 1317 1345 1386 1390 1400 1433 1511 1519 1573 1615 1637 1663 1702 1717 1721 1746 1747 1760 1798 1802 1824 1854 1861 1881 1900 1952 1953 1959 1979 1987
FAC 162 : 21 26 29 44 57 71 77 107 140 159 162 216 236 306 313 324 333 343 355 376 391 436 451 457 493 507 535 588 590 624 627 644 651 683 689 726 738 739 754 769 823 827 836 876 903 954 1000 1002 1010 1022 1032 1034 1049 1061 1063 1137 1166 1186 1202 1215 1223 1226 1270 1272 1275 1309 1315 1328 1396 1427 1479 1492 1501 1530 1534 1543 1545 1591 1605 1626 1672 1678 1682 1686 1696 1705 1732 1778 1839 1866 1885 1889 1895 1899 1909 1913 1944 1990 1992 1993
FAC 168 : 19 32 108 168 173 253 254 282 294 314 339 349 358 371 377 395 401 438 491 510 532 542 607 674 684 687 711 719 734 745 779 781 791 820 828 831 838 840 841 852 855 868 902 918 925 963 971 978 994 1005 1009 1074 1088 1099 1101 1121 1149 1162 1170 1200 1205 1208 1218 1258 1259 1298 1387 1421 1447 1459 1462 1528 1569 1579 1582 1629 1677 1708 1740 1772 1792 1803 1821 1833 1870 1878 1906 1911 1957 1996
FAC 188 : 11 14 41 59 121 166 174 188 203 230 250 261 290 322 342 352 362 365 394 399 442 531 555 617 625 641 661 691 720 741 744 757 768 800 808 814 843 844 877 889 890 927 940 952 972 976 985 1003 1008 1016 1018 1026 1050 1059 1073 1076 1077 1081 1090 1104 1114 1131 1141 1155 1179 1182 1230 1255 1283 1289 1304 1351 1362 1366 1370 1448 1451 1456 1466 1471 1485 1536 1539 1555 1566 1593 1595 1596 1604 1646 1655 1669 1710 1733 1767 1771 1797 1814 1823 1844 1858 1937 1966
FAC 440 : 39 112 120 124 131 147 171 210 223 234 245 299 370 381 383 413 435 440 472 486 505 512 516 518 544 547 557 652 663 672 673 694 712 727 730 752 758 762 793 845 884 930 1052 1062 1133 1153 1178 1199 1273 1287 1357 1373 1381 1413 1419 1461 1483 1553 1559 1580 1602 1617 1623 1632 1670 1681 1712 1754 1765 1781 1795 1838 1879 1898 1901 1918 1933 1943
FAC 631 : 30 58 74 76 104 115 143 200 206 217 241 266 288 315 329 406 453 463 474 490 492 522 550 554 596 620 631 640 688 708 728 746 764 854 879 911 924 982 996 1004 1038 1054 1080 1085 1144 1154 1164 1187 1213 1225 1231 1239 1261 1279 1296 1303 1306 1314 1335 1342 1361 1409 1412 1424 1435 1446 1458 1464 1513 1523 1538 1612 1618 1624 1636 1654 1656 1709 1745 1752 1768 1780 1789 1826 1888 1908 1920 1925 1997
FAC 705 : 42 45 46 63 67 99 134 136 157 163 179 187 207 225 360 397 404 412 420 425 488 523 558 589 595 610 611 615 618 633 670 705 706 707 824 871 886 906 908 909 914 928 933 955 974 979 1007 1096 1100 1107 1115 1127 1132 1167 1173 1193 1204 1238 1269 1310 1316 1322 1416 1417 1442 1495 1517 1552 1574 1577 1601 1613 1630 1648 1676 1690 1799 1815 1818 1820 1828 1836 1837 1857 1875 1882 1886 1939
FAC 748 : 31 40 72 113 132 156 165 180 182 189 193 204 243 286 347 414 428 521 577 612 626 635 642 682 700 748 783 801 883 888 894 899 934 953 956 977 988 1027 1030 1067 1075 1102 1124 1130 1201 1211 1232 1243 1318 1324 1353 1441 1453 1475 1500 1522 1526 1544 1550 1567 1622 1627 1634 1680 1691 1698 1722 1775 1794 1822 1827 1835 1855 1897 1905 1921 1942 1945 1956 1960 1978
FAC 1048 : 1 10 38 60 62 78 85 90 133 141 209 228 285 307 312 351 378 405 429 439 448 466 478 496 497 524 541 545 582 609 629 650 669 671 679 681 697 702 756 777 790 797 806 832 874 875 882 907 912 938 941 984 1001 1014 1048 1056 1069 1078 1177 1212 1245 1266 1305 1354 1359 1360 1369 1376 1404 1468 1473 1487 1488 1491 1493 1521 1532 1557 1565 1598 1600 1620 1642 1649 1667 1668 1689 1692 1724 1738 1741 1753 1782 1786 1825 1873 1891 1948 1950 1964 1968 1969 1989
FAC 1058 : 8 15 18 114 126 135 139 181 184 214 240 255 276 305 325 335 353 359 390 396 423 455 481 487 495 537 569 578 581 583 594 648 658 692 733 742 778 798 804 805 809 834 837 846 873 910 923 932 946 981 1017 1036 1045 1058 1091 1106 1117 1122 1128 1147 1214 1227 1276 1285 1308 1329 1336 1340 1364 1365 1371 1384 1388 1407 1470 1474 1478 1489 1502 1506 1515 1535 1549 1570 1575 1594 1597 1603 1610 1611 1628 1661 1679 1714 1749 1776 1787 1852 1892 1893 1907 1922 1929 1932 1970
FAC 1098 : 13 17 20 49 69 81 93 96 97 101 117 146 155 169 192 201 205 219 222 244 247 251 252 259 269 274 298 316 326 345 361 386 388 392 398 403 417 437 446 447 482 511 526 528 534 539 570 593 636 643 675 677 678 701 740 775 782 813 821 833 905 922 945 958 973 980 983 992 997 1013 1019 1044 1046 1057 1079 1087 1093 1098 1103 1125 1129 1136 1160 1191 1206 1219 1221 1248 1251 1253 1263 1281 1326 1348 1415 1423 1440 1444 1445 1477 1548 1551 1568 1572 1586 1589 1606 1609 1619 1638 1640 1643 1683 1711 1736 1737 1783 1796 1819 1910 1916 1917 1949 1967 1971 1994 1995
FAC 1220 : 2 3 27 43 83 89 105 130 194 196 198 229 238 257 279 284 311 320 321 341 348 366 415 416 434 444 445 469 502 536 551 553 566 571 572 580 584 647 654 676 685 695 703 713 717 723 815 818 835 853 856 862 870 901 904 919 960 965 987 989 995 1021 1023 1047 1051 1060 1066 1083 1089 1109 1112 1148 1157 1174 1203 1207 1220 1246 1256 1282 1321 1331 1339 1350 1378 1438 1480 1505 1507 1509 1514 1537 1540 1562 1585 1633 1652 1665 1726 1731 1743 1757 1758 1777 1784 1790 1801 1808 1809 1813 1830 1848 1856 1880 1887 1894 1904 1914 1935 1946 1955 1963 1977
FAC 1457 : 22 36 61 95 142 161 275 301 337 344 357 374 419 430 460 462 467 508 549 575 585 608 646 657 718 732 747 766 948 959 964 1029 1037 1072 1086 1180 1194 1260 1274 1333 1341 1344 1356 1382 1426 1431 1439 1455 1457 1465 1467 1512 1525 1561 1584 1590 1644 1650 1657 1659 1701 1703 1719 1734 1751 1762 1764 1774 1816 1829 1843 1845 1846 1868 1940 1965
FAC 1554 : 75 94 100 127 150 172 177 186 220 237 248 256 283 293 308 318 340 364 372 421 477 538 573 598 632 665 765 819 825 847 859 893 936 1041 1094 1119 1120 1126 1146 1175 1176 1241 1301 1320 1334 1352 1389 1402 1408 1422 1449 1454 1469 1472 1482 1490 1508 1520 1524 1547 1554 1581 1583 1588 1592 1599 1607 1688 1715 1720 1727 1744 1748 1766 1769 1800 1812 1841 1926 1951 1984 1999
FAC 1571 : 56 119 191 262 264 272 280 317 331 336 356 375 407 441 449 475 489 504 527 529 564 601 637 655 660 666 704 725 729 750 789 795 803 811 848 878 921 957 998 1070 1145 1165 1247 1291 1299 1302 1311 1319 1327 1349 1355 1379 1385 1398 1399 1401 1403 1414 1437 1497 1571 1706 1735 1756 1779 1806 1850 1874 1938 1958
FAC 1578 : 4 48 66 73 82 109 122 152 160 185 215 218 233 263 265 281 292 297 303 380 389 422 450 461 465 494 500 506 514 540 548 552 556 560 565 579 616 656 662 668 699 710 716 735 763 787 796 842 866 885 896 915 944 968 970 990 1012 1039 1042 1053 1068 1113 1152 1198 1217 1237 1249 1290 1292 1293 1312 1325 1332 1358 1363 1368 1374 1397 1460 1484 1494 1516 1576 1578 1587 1641 1675 1693 1695 1713 1729 1730 1791 1847 1851 1862 1876 1896 1919 1923 1972 1976 1998
FAC 1831 : 16 34 87 111 151 224 227 278 287 289 291 302 354 382 387 418 431 456 484 498 513 525 559 562 563 587 591 599 659 667 693 696 709 724 760 761 773 776 785 792 807 816 826 849 863 895 950 991 999 1028 1105 1168 1172 1183 1192 1196 1209 1228 1240 1244 1250 1252 1277 1337 1346 1367 1383 1392 1394 1405 1418 1425 1436 1481 1504 1533 1542 1614 1635 1647 1666 1673 1687 1699 1716 1755 1759 1773 1788 1805 1831 1853 1872 1877 1883 1930 1931 1954 1973 1975 1981 1985
FAC 1890 : 12 25 28 106 118 145 176 202 212 221 231 268 300 310 323 327 332 363 367 411 424 426 427 459 471 480 483 499 501 530 576 602 604 622 639 767 784 788 802 867 887 891 897 913 942 962 967 975 1024 1035 1108 1123 1134 1140 1151 1158 1181 1189 1265 1295 1395 1434 1498 1499 1527 1558 1658 1700 1723 1725 1739 1785 1804 1834 1842 1867 1884 1890 1903 1924 1947 1961 1988
FAC 1991 : 7 23 24 33 51 80 91 98 103 125 128 148 170 178 183 190 208 211 226 239 270 330 346 368 393 400 410 432 433 470 473 479 509 517 568 628 630 634 638 664 715 722 736 749 755 771 810 817 830 850 858 861 869 880 892 931 935 1020 1031 1033 1116 1135 1139 1150 1163 1169 1188 1222 1236 1242 1257 1262 1267 1268 1271 1278 1280 1347 1380 1391 1410 1432 1486 1510 1529 1531 1556 1608 1662 1664 1671 1674 1684 1685 1694 1704 1728 1763 1807 1817 1871 1912 1936 1941 1962 1974 1980 1982 1983 1991
