== PROBLEM ==
# N_FACILITIES: 3000
# N_CLIENTS: 3000
# SIZE_RESTRICTION_MINIMUM: -1
# SIZE_RESTRICTION_MAXIMUM: -1

== RUN DATA ==
# FILTER: BETTER_THAN_ALL_PARENTS (3)
# TARGET_SOLS: 1
# PRECOMP_CLIENT_OPTIMAL_GAIN: 0.000000
# N_THREADS: 4
# SELECT_ONLY_TERMINAL: 1
# LOCAL_SEARCH: SWAP_RESENDE_WERNECK
# LOCAL_SEARCH_BEFORE_SELECT: 1
# LOCAL_SEARCH_REM_MOVEMENT: 1
# LOCAL_SEARCH_ADD_MOVEMENT: 1
# BRANCHING_FACTOR: 8
# BRANCHING_FACTOR_CORRECTION: 1
# PATH_RELINKING: PATH_RELINKING_UNTIL_NO_BETTER
# PATH_RELINKING_LOCAL_SEARCH: SWAP_RESENDE_WERNECK
# RANDOM_SEED: 1621885468
# RESTARTS: 1
# VERBOSE: 0
# BRANCH_AND_BOUND: 0 (deprecated)
# LOWER_BOUND: -643479.000000 

# REDUCTION: sdbs+:300:mgesum _best:600
# INPUT_FILE: "problems_kmedian_original/3000-1000"
# CPU_TIME: 56092.339844
# ELAPSED: 15715.365234
# VIRT_MEM_PEAK_KB: 3691356
# TOTAL_ITERATIONS: 546

== LOCAL SEARCH INFO ==
# LOCAL_SEARCH_CPU_TIME: 2385.040000
# N_LOCAL_SEARCHES: 197881
# AVG_LOCAL_SEARCH_MOVES: 19.544878

== PATH RELINKING INFO ==
# PATH_RELINKING_CPU_TIME: 10128.920000
== FIRST RESTART INFO ==
# FIRST_ITERATIONS: 546
# FIRST_PER_SIZE_SOLS:             1   2400   2399   2400   2399   2400   2400   2400   2400   2400   2400   2400   2399   2397   2400   2398   2400   2400   2400   2398   2399   2400   2400   2398   2396   2396   2396   2397   2397   2397   2399   2398   2397   2395   2399   2399   2395   2396   2397   2397   2399   2394   2397   2398   2398   2398   2391   2396   2396   2396   2391   2392   2397   2390   2391   2395   2394   2389   2395   2387   2387   2389   2389   2381   2381   2387   2393   2388   2384   2387   2387   2388   2380   2389   2381   2385   2385   2377   2380   2379   2374   2368   2379   2361   2379   2376   2362   2371   2367   2364   2359   2360   2364   2358   2368   2360   2358   2358   2355   2344   2357   2345   2342   2335   2343   2349   2332   2329   2332   2330   2332   2322   2322   2339   2320   2338   2326   2303   2330   2319   2304   2327   2315   2297   2288   2298   2297   2306   2289   2280   2267   2288   2304   2296   2277   2299   2247   2261   2268   2254   2253   2252   2260   2261   2247   2246   2215   2242   2226   2219   2211   2205   2223   2203   2193   2218   2203   2202   2201   2198   2200   2190   2184   2177   2163   2183   2193   2159   2153   2150   2172   2133   2146   2162   2128   2125   2120   2091   2141   2123   2098   2108   2101   2093   2104   2078   2087   2088   2075   2063   2057   2048   2057   2082   2007   2056   2013   2041   2082   2023   2035   1994   2048   2038   2005   2001   2006   2004   2005   1981   1932   1976   1924   1919   1932   1989   1954   1970   1934   1924   1899   1927   1932   1908   1886   1870   1889   1872   1866   1843   1874   1892   1853   1866   1840   1814   1834   1832   1829   1776   1795   1811   1796   1826   1806   1775   1776   1745   1754   1755   1744   1764   1721   1764   1754   1675   1661   1717   1727   1666   1685   1699   1686   1669   1687   1654   1655   1650   1660   1651   1664   1625   1601   1631   1637   1560   1607   1549   1561   1597   1573   1529   1526   1504   1544   1547   1552   1557   1503   1521   1485   1497   1500   1500   1469   1529   1480   1427   1461   1466   1476   1421   1416   1419   1433   1421   1354   1405   1451   1331   1363   1396   1379   1371   1368   1300   1359   1343   1330   1387   1337   1306   1346   1303   1301   1295   1320   1288   1245   1251   1249   1270   1255   1241   1223   1224   1213   1190   1183   1154   1197   1174   1192   1194   1160   1123   1149   1091   1149   1196   1104   1089   1130   1097   1048   1118   1097   1095   1074   1014   1076   1058   1055   1019   1035   1057   1013    974   1008   1004   1022   1038    986   1018    942   1025    951    980    924    942    946    946    956    925    925    933    930    913    892    842    894    854    878    859    878    855    839    835    837    852    809    852    846    792    797    801    815    760    831    774    783    795    782    780    755    735    718    763    748    717    735    736    757    705    711    666    692    676    706    662    703    636    656    691    641    676    663    634    648    622    628    617    627    598    645    573    601    599    593    598    571    627    550    542    571    570    552    575    526    548    575    514    528    532    516    509    511    456    473    481    478    481    467    469    454    455    476    468    432    438    434    460    428    430    433    394    419    395    442    429    360    393    387    360    369    420    413    391    368    376    360    354    390    362    371    379    339    340    331    331    284    316    337    329    326    345    327    335    302    320    288    267    238    224    218    226    186    157    137    114    123    128    106     92     85     67     54     49     36     30     24     13      8      3      4      1
# FIRST_PER_SIZE_SOLS_RED:         1    300    300    300    300    300    300    300    300    300    300    300    300    300    300    300    300    300    300    300    300    300    300    300    300    300    300    300    300    300    300    300    300    300    300    300    300    300    300    300    300    300    300    300    300    300    300    300    300    300    300    300    300    300    300    300    300    300    300    300    300    300    300    300    300    300    300    300    300    300    300    300    300    300    300    300    300    300    300    300    300    300    300    300    300    300    300    300    300    300    300    300    300    300    300    300    300    300    300    300    300    300    300    300    300    300    300    300    300    300    300    300    300    300    300    300    300    300    300    300    300    300    300    300    300    300    300    300    300    300    300    300    300    300    300    300    300    300    300    300    300    300    300    300    300    300    300    300    300    300    300    300    300    300    300    300    300    300    300    300    300    300    300    300    300    300    300    300    300    300    300    300    300    300    300    300    300    300    300    300    300    300    300    300    300    300    300    300    300    300    300    300    300    300    300    300    300    300    300    300    300    300    300    300    300    300    300    300    300    300    300    300    300    300    300    300    300    300    300    300    300    300    300    300    300    300    300    300    300    300    300    300    300    300    300    300    300    300    300    300    300    300    300    300    300    300    300    300    300    300    300    300    300    300    300    300    300    300    300    300    300    300    300    300    300    300    300    300    300    300    300    300    300    300    300    300    300    300    300    300    300    300    300    300    300    300    300    300    300    300    300    300    300    300    300    300    300    300    300    300    300    300    300    300    300    300    300    300    300    300    300    300    300    300    300    300    300    300    300    300    300    300    300    300    300    300    300    300    300    300    300    300    300    300    300    300    300    300    300    300    300    300    300    300    300    300    300    300    300    300    300    300    300    300    300    300    300    300    300    300    300    300    300    300    300    300    300    300    300    300    300    300    300    300    300    300    300    300    300    300    300    300    300    300    300    300    300    300    300    300    300    300    300    300    300    300    300    300    300    300    300    300    300    300    300    300    300    300    300    300    300    300    300    300    300    300    300    300    300    300    300    300    300    300    300    300    300    300    300    300    300    300    300    300    300    300    300    300    300    300    300    300    300    300    300    300    300    300    300    300    300    300    300    300    300    300    300    300    300    300    300    300    300    300    300    300    300    300    300    300    300    300    300    300    300    300    300    300    300    300    300    300    300    300    300    300    300    300    300    300    300    300    300    300    300    300    300    300    300    300    300    300    300    300    300    300    300    300    300    300    284    300    300    300    300    300    300    300    300    300    288    267    238    224    218    226    186    157    137    114    123    128    106     92     85     67     54     49     36     30     24     13      8      3      4      1
# FIRST_PER_SIZE_LOCAL_OPT:        0      0      0      0      0      0      0      0      0      0      0      0      0      0      0      0      0      0      0      0      0      0      0      0      0      0      0      0      0      0      0      0      0      0      0      0      0      0      0      0      0      0      0      0      0      0      0      0      0      0      0      0      0      0      0      0      0      0      0      0      0      0      0      0      0      0      0      0      0      0      0      0      0      0      0      0      0      0      0      0      0      0      0      0      0      0      0      0      0      0      0      0      0      0      0      0      0      0      0      0      0      0      0      0      0      0      0      0      0      0      0      0      0      0      0      0      0      0      0      0      0      0      0      0      0      0      0      0      0      0      0      0      0      0      0      0      0      0      0      0      0      0      0      0      0      0      0      0      0      0      0      0      0      0      0      0      0      0      0      0      0      0      0      0      0      0      0      0      0      0      0      0      0      0      0      0      0      0      0      0      0      0      0      0      0      0      0      0      0      0      0      0      0      0      0      0      0      0      0      0      0      0      0      0      0      0      0      0      0      0      0      0      0      0      0      0      0      0      0      0      0      0      0      0      0      0      0      0      0      0      0      0      0      0      0      0      0      0      0      0      0      0      0      0      0      0      0      0      0      0      0      0      0      0      0      0      0      0      0      0      0      0      0      0      0      0      0      0      0      0      0      0      0      0      0      0      0      0      0      0      0      0      0      0      0      0      0      0      0      0      0      0      0      0      0      0      0      0      0      0      0      0      0      0      0      0      0      0      0      0      0      0      0      0      0      0      0      0      0      0      0      0      0      0      0      0      0      0      0      0      0      0      0      0      0      0      0      0      0      0      0      0      0      0      0      0      0      0      0      0      0      0      0      0      0      0      0      0      0      0      0      0      0      0      0      0      0      0      0      0      0      0      0      0      0      0      0      0      0      0      0      0      0      0      0      0      0      0      0      0      0      0      0      0      0      0      0      0      0      0      0      0      0      0      0      0      0      0      0      0      0      0      0      0      0      0      0      0      0      0      0      0      0      0      0      0      0      0      0      0      0      0      0      0      0      0      0      0      0      0      0      0      0      0      0      0      0      0      0      0      0      0      0      0      0      0      0      0      0      0      0      0      0      0      0      0      0      0      0      0      0      0      0      0      0      0      0      0      0      0      0      0      0      0      0      0      0      0      0      0      0      0      0      0      0      0      0      0      0      0      0      0      0      0      0      0      0      0      0      0      0      0      0      0      0      0      0      0      0      0      0      0      0      0      0      0      0      0      0      0      0      0      0      0      0      0      0      0      0      0      0      0      0      0      0      0

== PER RESTART INFO ==
# RST        0 -643479.000000 56092.340000

== SOLUTIONS DATA ==
# OUTPUT_SOLUTIONS: 1

== SOLUTION ==
# VALUE: -643479.000000
# ASSIGNS: 1332 957 1497 1853 285 2707 1687 2278 8 9 1815 285 957 2101 1804 2103 2184 811 1181 51 1124 387 2244 90 2935 2570 104 2101 2709 29 30 252 681 634 2151 1669 2025 2350 741 2923 1693 1186 42 702 44 1188 895 353 1759 1223 652 51 787 53 1682 794 2433 1065 402 742 1395 487 62 2249 394 2831 1902 2871 114 1527 70 2953 2378 1073 1853 386 699 421 78 2072 2453 2799 939 315 395 1049 170 2195 878 2550 90 196 2900 2637 387 62 2027 2799 2225 488 1880 2151 1544 1561 104 105 1617 1795 2703 185 1321 2873 112 672 114 2125 1430 226 118 1538 2350 972 262 1377 638 2271 930 954 128 2642 130 2622 2129 1458 1377 1718 136 2267 1468 2006 359 141 141 2699 1236 2787 1235 760 1838 149 1083 2879 1730 153 1664 468 1334 2187 1001 1348 1573 2699 521 183 846 1502 2051 1320 408 1399 170 741 2187 771 2359 2720 495 177 1429 1623 2559 2430 671 183 2971 185 1803 187 2027 2160 2112 435 192 183 1858 1765 196 197 394 2942 2034 388 1409 2879 738 702 2378 114 2025 2195 2518 2151 2301 1497 214 1242 216 196 2827 988 1960 2398 2071 223 2566 141 226 1561 2516 105 265 402 836 965 787 362 2609 2622 771 2156 240 487 244 2265 244 2784 751 1611 495 1540 1377 251 252 1348 251 810 256 410 258 259 2889 603 262 252 264 265 899 696 390 1901 1666 934 702 1488 1248 2876 1540 663 278 845 2622 1528 1682 402 284 285 603 2346 2278 1348 2775 1397 2309 1851 671 696 1594 2770 1682 2566 300 2433 1815 2188 2160 128 306 985 874 2761 1582 1124 2351 2062 748 315 954 1896 1927 582 2916 358 2549 1835 1530 136 2132 327 415 329 300 1639 671 333 1554 2025 2503 1881 2462 359 333 2151 359 442 2693 2159 346 329 1184 196 2151 1502 2456 353 9 637 2550 1881 358 359 2775 654 362 671 1664 2821 633 1729 1334 949 1669 1482 1573 2554 2877 1269 1805 938 306 214 1398 2587 382 2499 384 2187 386 387 388 1421 390 635 2953 2611 394 395 396 540 1693 1538 1838 1957 402 1896 2807 1669 1683 581 408 2908 410 2278 2909 2051 414 415 1589 1682 1376 1554 1851 421 2831 1987 424 587 358 1981 2249 2151 2242 2538 852 553 2000 435 183 259 2112 1634 440 424 442 362 2620 1914 692 447 2709 252 582 760 1060 2554 1899 455 2877 751 51 985 1609 1902 502 2971 1670 1628 934 1251 468 490 1083 607 2538 2365 2025 988 2032 2159 2195 1537 2688 1634 1987 1700 2908 2103 794 487 488 2346 490 750 53 1549 2124 495 153 264 794 760 741 2609 502 1953 1668 2879 506 1549 1269 252 687 327 284 353 394 1236 529 939 62 2249 602 521 522 1628 1981 2622 1359 709 2071 529 738 2900 2103 223 244 256 435 2799 628 933 540 782 542 187 586 1524 358 1399 259 1087 2364 2784 346 553 748 1466 1977 358 558 2453 2859 751 435 1818 2873 2709 1250 930 1901 1395 1083 2802 1065 1524 2798 972 1103 2062 578 2184 2019 581 582 2611 674 1773 586 587 2000 214 1902 1817 592 729 2118 595 2156 440 2351 2946 1856 667 602 603 2868 2026 606 607 1188 1666 2101 2953 842 29 197 615 1953 1248 1321 1977 78 2953 2317 2787 2618 2032 2849 627 628 1242 2416 130 1803 633 634 635 1730 637 638 1901 842 1561 1103 1704 2659 2935 646 1773 1899 695 1858 1530 652 415 654 2787 2595 1393 2025 258 2821 776 358 663 196 2160 1863 667 1466 402 2609 671 672 2378 674 1687 44 1953 2969 2185 506 681 2533 2516 2806 2050 1527 687 1334 447 734 2812 692 693 1248 695 696 1073 2249 699 1530 285 702 603 2073 1468 587 1398 1083 709 1858 1001 2876 2581 2372 823 716 2026 2034 1430 1124 2012 8 1765 687 2103 726 1541 1628 729 223 522 2365 654 734 1524 2913 1431 738 2916 1124 741 742 223 2935 2962 687 2935 748 846 750 751 502 753 2942 396 2570 1611 782 2761 760 2829 1103 2160 2309 1594 1320 394 1804 1375 1586 771 667 2770 2734 2654 776 30 2873 1880 780 939 782 1899 2065 327 1601 787 1905 333 1869 791 2609 265 794 920 2359 2440 846 136 128 2062 2232 803 1375 741 2433 2608 1905 359 810 811 1957 1573 2503 1471 852 817 185 327 2799 506 2720 823 899 1803 696 1850 2609 2739 1927 1896 2000 1902 2125 874 836 637 1607 2686 1573 2821 842 1586 2849 845 846 606 2761 315 674 2637 852 1214 1682 638 2132 823 1541 1683 638 2971 709 1430 934 1772 1377 1246 1321 1835 542 1397 495 2913 874 1246 876 2032 878 602 1087 1899 53 408 741 811 1430 2770 2618 2802 1246 1194 1188 1010 2185 895 2562 2773 1818 899 1541 734 1376 196 90 2166 327 2112 780 1065 1845 1448 1554 394 2734 823 1025 490 136 2159 920 353 2027 923 2802 1321 130 2618 149 929 930 938 2283 933 934 2357 2703 1639 938 939 394 1881 2900 2609 852 1398 2235 2859 1803 949 628 2798 265 1268 954 29 1488 957 1869 1815 750 2000 2533 2527 634 965 468 2372 1269 2942 729 810 972 2359 315 595 2267 2456 153 244 408 1759 748 1851 1554 985 2868 285 988 1586 506 687 410 1668 2990 1481 1960 2026 2831 183 1422 1001 2642 2267 2309 1527 90 1609 329 1224 1010 1224 2831 753 488 2301 8 2775 362 1544 627 1134 2831 2206 934 1025 2453 2006 2527 1348 1398 262 753 2916 2684 615 1815 939 2533 578 2770 2875 2278 1566 2512 214 1194 1010 1010 1049 2118 2566 2686 1682 876 421 810 112 455 1268 1060 2065 1025 315 1251 1065 2225 300 468 1393 386 1867 70 1073 1025 2065 1867 1668 278 262 1080 1804 1482 1083 638 674 2187 1087 1242 2027 2941 1537 1049 1541 2595 51 1421 1601 51 53 2857 2703 2009 1103 607 2095 2350 2026 1850 1422 1850 2378 2350 2734 278 1540 2442 2798 627 1682 1602 2554 1431 1123 1124 1817 2941 1073 197 1851 2892 1049 1291 1668 1134 192 586 1025 671 1524 2378 2784 1818 1194 2889 2357 1693 1549 358 2095 105 240 652 240 2242 1155 582 1957 1987 1184 587 957 845 823 2849 128 1683 817 1190 2829 1468 2990 1183 42 592 1867 1212 2875 2365 1765 2000 1181 742 1183 1184 1693 1186 388 1188 988 1190 2071 329 1469 1194 1250 256 637 957 1869 2756 2527 2051 300 2538 753 1953 1803 1250 2517 1805 1538 1212 1213 1214 141 2827 1700 2802 842 2806 51 2249 1223 1224 2798 1359 306 729 878 2025 2812 1232 1586 2799 1235 1236 1186 920 2971 1817 440 1242 2770 2562 1123 1246 185 1248 2493 1250 1251 1025 1566 939 2062 1256 1795 1609 1765 1468 2187 1582 627 414 149 284 1212 1268 1269 1673 1729 2935 1213 2188 1087 1236 988 183 842 2093 2584 671 1080 1805 540 1184 1669 2829 2807 592 1291 2877 638 1348 954 2916 1557 1482 2681 8 692 949 2474 1361 1305 78 1527 2093 2559 1134 2587 1312 1376 51 2972 9 810 1497 2044 1320 1321 1334 1730 2019 836 2527 771 787 395 699 2709 1332 2235 1334 2971 1617 226 1589 53 2684 2499 2721 2125 1377 1235 949 2584 1348 2317 1537 2827 440 592 2688 1194 112 1212 128 1359 603 1361 1320 415 628 1223 1858 933 1431 1502 2889 2972 628 1468 2799 1375 1376 1377 1765 2877 930 923 1395 1188 1670 558 2032 934 1905 2693 78 1348 1881 1393 1448 1395 654 1397 1398 1399 2595 2946 435 1409 1404 384 2953 30 1795 1409 633 2125 1902 1321 1762 284 652 1670 667 284 1977 1421 1422 1803 842 1773 2856 1878 415 1429 1430 1431 2493 635 1213 693 387 2775 2734 738 2892 2554 315 2681 637 2709 1907 1049 1448 1213 1992 751 1759 2235 2027 2456 216 1628 1458 2129 1524 1957 1134 2913 1669 2474 1466 2721 1468 1469 1332 1471 972 2812 1134 2849 2642 674 386 615 394 1481 1482 141 442 2684 1123 646 1488 654 2278 2739 70 2877 2538 1332 540 1497 1772 2620 53 149 1502 780 185 395 895 1469 687 2073 1835 823 264 252 1803 104 130 2034 1377 2095 29 702 578 1190 1524 741 2357 1527 1528 776 1530 1939 30 1393 2232 2346 2699 1537 1538 8 1540 1541 1664 1851 1544 1502 1488 985 1772 1549 1251 1551 455 2873 1554 2761 2430 1557 692 1232 553 1561 506 1422 1430 78 1566 1250 748 760 2365 502 384 1573 663 1103 1375 185 183 2351 1580 278 1582 1291 726 435 1586 1851 2244 1589 716 1321 2433 2770 1594 2095 1817 1639 2185 353 1430 1601 1602 1845 2517 787 1867 1607 2365 1609 2802 1611 2026 1623 695 2686 329 1617 582 1398 2697 1845 2160 1623 1634 1850 1670 1398 1628 1398 353 2195 1863 1248 1634 2899 1155 2032 2499 1639 1377 252 382 2899 2527 2062 2440 2185 9 2518 1065 1431 521 1617 2265 2516 1992 1181 1841 652 2935 985 1458 2859 1664 2554 1666 2049 1668 1669 1670 382 1404 1673 2346 1582 502 1795 628 2829 1073 2156 1682 1683 2527 716 1573 1687 2827 954 2317 1601 196 1693 687 2913 2044 2608 930 2432 1700 1557 1312 1639 1704 1087 192 1953 1398 382 558 2621 2972 2062 284 972 2442 488 1718 329 262 2969 2873 2527 2166 692 1321 529 358 1729 1730 1953 1953 2873 2787 1155 2050 542 44 716 2512 285 1087 1682 333 1250 852 1530 615 2503 359 2859 1609 2095 603 2909 2637 359 192 1759 315 1554 1762 1673 2432 1765 1502 1421 637 1361 2432 1524 1772 1773 1320 1634 1404 2806 1305 1985 2359 750 1083 1718 1123 2595 1815 1541 183 2659 2570 899 592 2972 2517 1795 2101 817 2827 2430 522 51 578 1803 1804 1805 1683 1927 424 130 1334 2283 2019 1666 2720 1815 1235 1817 1818 2873 1987 2432 2923 2365 2829 582 1927 602 2688 141 2720 2032 2688 2875 196 1835 2654 553 1838 1839 671 1841 1985 1804 2549 1845 522 1907 42 2587 1850 1851 2962 1853 627 2516 1856 1186 1858 2112 2659 424 2703 1863 681 1248 2062 1867 1863 1869 153 1901 1404 2095 1804 8 1850 1404 1878 895 1880 1881 1123 1939 1246 1010 2050 2550 607 1634 2972 1409 2566 558 187 388 1896 1488 136 1899 1900 1901 1902 2900 753 1905 1896 1907 558 1224 1242 153 581 455 1914 2051 414 1359 1544 2103 780 1524 920 2124 1617 104 2000 1927 300 1305 1817 1623 490 353 490 1815 522 2584 1554 1939 1397 358 1682 104 447 2554 899 2697 2378 2062 2549 2892 2516 1953 1981 2034 2873 1957 118 2899 1960 1397 265 2707 1188 114 1841 1232 1186 1900 1537 1312 1669 1762 753 70 1957 1977 1765 1334 262 1981 2072 396 1305 1985 424 1987 2112 2570 933 1528 1992 2309 586 2071 920 2806 2877 1395 2000 2773 652 2195 455 315 2006 2440 2044 2009 2364 1668 2012 421 1977 702 2584 2372 874 2019 2125 2953 1853 415 284 2025 2026 2027 1869 1905 2527 2877 2032 587 2034 729 811 1804 424 128 353 306 1375 2684 2044 1212 170 1291 1087 2049 2050 2051 2739 965 672 696 278 652 702 895 1399 2474 2062 582 1841 2065 1580 2012 2184 2333 2621 2071 2072 2073 1010 488 2684 1670 1320 2756 362 185 2637 709 1617 2184 1123 2962 2642 488 654 2242 2798 2093 1448 2095 2875 1060 1602 1431 938 2101 1361 2103 1668 2267 671 1863 1049 2364 2309 2871 2112 2118 663 408 635 2112 2118 2876 2909 542 1530 29 2124 2125 1123 874 70 2129 1977 2112 2132 1693 1334 1900 1878 440 1422 702 1334 1155 920 2151 578 1902 114 1269 2095 2103 1856 2151 264 226 1471 395 2156 2206 949 2159 2160 1985 2044 1025 2681 2462 2166 1729 2456 939 2871 988 2271 1184 390 1803 2195 2317 2049 1212 1223 2235 1223 633 2184 2185 1393 2187 2188 1795 2050 2317 216 1693 2359 2195 1900 402 1907 692 2044 2799 674 1409 240 1123 2206 2124 1155 637 2195 442 1805 1818 2265 1103 2787 1589 687 136 1878 2125 529 587 1348 2225 2462 1557 2095 415 177 1573 2232 44 1421 2235 2829 2637 2857 2034 2784 386 2242 1060 2244 1863 2462 118 817 2249 836 1448 2195 1235 2301 114 262 1899 2879 2333 1683 2442 495 2923 192 2265 1594 2267 1839 2432 672 2271 240 1471 2611 748 30 1334 2278 2188 803 934 628 2283 53 2581 2533 2581 794 791 2187 1881 223 130 876 1580 2051 1183 895 214 1818 2301 2566 1134 2324 285 1899 748 2012 2309 2849 177 1103 2831 988 726 196 2317 2051 1957 1214 2611 2831 776 2324 1183 1397 985 2034 1087 1194 1124 1609 2333 1429 1869 1073 2554 2283 1083 791 256 2351 2517 923 1422 2346 1953 30 1123 2350 2351 595 1236 1359 2821 2622 2357 1291 2359 1554 595 1981 2756 2364 2365 2856 1256 1214 2697 1957 2235 2372 440 2699 2267 2351 395 2378 2971 2761 1611 1530 2827 1762 1361 846 1804 791 695 2166 581 105 1544 1246 751 1682 558 2398 1468 2916 2900 329 1375 1845 1312 1404 1957 615 2025 842 1103 1611 2709 1530 2637 2416 1251 128 306 2195 252 455 2034 628 1073 1900 1939 1256 1899 2430 2430 2432 2433 2124 2946 1551 2351 149 2364 2440 1561 2442 490 2681 1977 1080 2654 1566 1992 542 2493 346 2453 382 2160 2456 1687 1682 522 421 2654 2462 965 306 333 2856 410 553 780 2935 2787 794 105 2474 1795 582 1899 2892 929 1856 954 1398 1246 388 2517 2333 1528 2309 2357 2301 2595 1183 2493 1853 776 410 2019 1429 2499 1878 1818 2072 2503 2101 1762 2709 2072 842 876 2971 2185 2512 646 692 2946 2516 2517 2518 1817 2000 687 1914 2456 1049 2019 387 2527 2118 1080 2971 1639 1544 2533 965 333 2027 674 2538 1957 2953 581 1881 2807 949 1305 1065 852 408 2549 2550 2283 1907 128 2554 1181 2184 251 1251 2559 2049 1582 2562 750 2009 214 2566 502 939 603 2570 2756 817 1186 1804 2806 2357 542 1194 646 628 2581 2935 2309 2584 2527 1321 2587 440 2686 1881 929 70 197 2187 2595 1184 2324 2188 2093 2775 1250 578 1188 1422 606 742 264 2608 2609 810 2611 2756 1602 1880 2195 529 972 2618 1073 2620 2621 2622 1878 177 2697 2309 521 2350 414 2686 1594 1124 920 939 51 1817 2637 776 1359 1803 1466 2642 1682 1566 2006 359 2333 699 2378 1242 1977 214 2206 2654 985 699 1256 2456 2659 1762 1639 455 1103 2775 2462 2244 1687 2333 2856 652 1248 455 592 244 716 435 1469 842 2756 2372 2681 1395 2009 2684 2062 2686 30 2688 1409 2156 2703 390 2693 734 1668 329 2697 382 2699 1765 1863 753 2703 2333 414 1527 2707 2807 2709 1670 2151 2188 930 803 1730 259 2909 2587 2093 2720 2721 780 2637 384 1190 78 2244 2686 1773 1250 2876 70 2875 2734 2609 729 1268 1664 2739 2642 634 1376 1863 1268 2188 2559 2637 2688 693 421 2734 2398 2559 1497 2271 2756 2868 1213 1321 1103 2761 521 149 252 972 782 1482 1083 1609 2770 2112 2856 2773 586 2775 578 2784 696 1422 402 2357 177 51 2784 1700 1977 2787 278 1183 2235 2908 1223 1375 1250 2637 2062 1232 2798 2799 2622 586 2802 2611 2697 587 2806 2807 2000 70 693 607 2812 2103 262 1183 663 2346 1669 2621 1430 2821 1939 1704 2073 1482 753 2827 2775 2829 346 2831 1194 2608 2159 603 558 1835 185 1184 1537 803 1458 1184 750 1422 2456 1907 2659 2849 226 1856 1430 1524 2812 2554 2856 2857 1422 2859 2195 2909 2595 2185 2317 627 1683 1609 2868 1321 1312 2871 455 2873 2185 2875 2876 2877 128 2879 1869 817 1466 258 716 972 1561 1772 2875 2889 2101 794 2892 954 2707 2065 2512 9 149 2899 2900 1251 1001 1320 424 2062 787 1332 2908 2909 2621 695 1481 2913 2103 2609 2916 1540 2654 553 988 1666 1551 2923 2990 104 329 2025 435 1269 2807 1858 1549 1087 2784 2935 2611 2899 1841 197 2187 2941 2942 358 1544 1589 2946 2618 1839 2503 2784 285 1863 2953 2775 2693 183 216 1594 2430 1134 390 2962 2584 2941 760 2699 776 2807 2969 1773 2971 2972 2533 384 114 2132 2734 1242 836 753 112 1561 742 278 2112 153 1320 1773 2799 2990 118 1858 1759 1815 1549 920 1236 1083 2267
# N_FACS: 514
# INDEXES: 8 9 29 30 42 44 51 53 62 70 78 90 104 105 112 114 118 128 130 136 141 149 153 170 177 183 185 187 192 196 197 214 216 223 226 240 244 251 252 256 258 259 262 264 265 278 284 285 300 306 315 327 329 333 346 353 358 359 362 382 384 386 387 388 390 394 395 396 402 408 410 414 415 421 424 435 440 442 447 455 468 487 488 490 495 502 506 521 522 529 540 542 553 558 578 581 582 586 587 592 595 602 603 606 607 615 627 628 633 634 635 637 638 646 652 654 663 667 671 672 674 681 687 692 693 695 696 699 702 709 716 726 729 734 738 741 742 748 750 751 753 760 771 776 780 782 787 791 794 803 810 811 817 823 836 842 845 846 852 874 876 878 895 899 920 923 929 930 933 934 938 939 949 954 957 965 972 985 988 1001 1010 1025 1049 1060 1065 1073 1080 1083 1087 1103 1123 1124 1134 1155 1181 1183 1184 1186 1188 1190 1194 1212 1213 1214 1223 1224 1232 1235 1236 1242 1246 1248 1250 1251 1256 1268 1269 1291 1305 1312 1320 1321 1332 1334 1348 1359 1361 1375 1376 1377 1393 1395 1397 1398 1399 1404 1409 1421 1422 1429 1430 1431 1448 1458 1466 1468 1469 1471 1481 1482 1488 1497 1502 1524 1527 1528 1530 1537 1538 1540 1541 1544 1549 1551 1554 1557 1561 1566 1573 1580 1582 1586 1589 1594 1601 1602 1607 1609 1611 1617 1623 1628 1634 1639 1664 1666 1668 1669 1670 1673 1682 1683 1687 1693 1700 1704 1718 1729 1730 1759 1762 1765 1772 1773 1795 1803 1804 1805 1815 1817 1818 1835 1838 1839 1841 1845 1850 1851 1853 1856 1858 1863 1867 1869 1878 1880 1881 1896 1899 1900 1901 1902 1905 1907 1914 1927 1939 1953 1957 1960 1977 1981 1985 1987 1992 2000 2006 2009 2012 2019 2025 2026 2027 2032 2034 2044 2049 2050 2051 2062 2065 2071 2072 2073 2093 2095 2101 2103 2112 2118 2124 2125 2129 2132 2151 2156 2159 2160 2166 2184 2185 2187 2188 2195 2206 2225 2232 2235 2242 2244 2249 2265 2267 2271 2278 2283 2301 2309 2317 2324 2333 2346 2350 2351 2357 2359 2364 2365 2372 2378 2398 2416 2430 2432 2433 2440 2442 2453 2456 2462 2474 2493 2499 2503 2512 2516 2517 2518 2527 2533 2538 2549 2550 2554 2559 2562 2566 2570 2581 2584 2587 2595 2608 2609 2611 2618 2620 2621 2622 2637 2642 2654 2659 2681 2684 2686 2688 2693 2697 2699 2703 2707 2709 2720 2721 2734 2739 2756 2761 2770 2773 2775 2784 2787 2798 2799 2802 2806 2807 2812 2821 2827 2829 2831 2849 2856 2857 2859 2868 2871 2873 2875 2876 2877 2879 2889 2892 2899 2900 2908 2909 2913 2916 2923 2935 2941 2942 2946 2953 2962 2969 2971 2972 2990 
FAC 8 : 8 722 1016 1300 1539 1875
FAC 9 : 9 354 1316 1648 2897
FAC 29 : 29 613 955 1520 2123
FAC 30 : 30 777 1407 1532 2276 2348 2687
FAC 42 : 42 1173 1848
FAC 44 : 44 676 1738 2233
FAC 51 : 19 51 458 1095 1098 1221 1314 1801 2635 2783
FAC 53 : 53 492 882 1099 1339 1500 2284
FAC 62 : 62 95 518
FAC 70 : 70 1072 1492 1975 2128 2592 2732 2809
FAC 78 : 78 620 1306 1390 1565 2726
FAC 90 : 23 90 904 1006
FAC 104 : 26 104 1515 1925 1943 2925
FAC 105 : 105 229 1150 2392 2473
FAC 112 : 112 1057 1356 2981
FAC 114 : 68 114 207 1965 2146 2255 2975
FAC 118 : 118 1958 2247 2991
FAC 128 : 128 305 800 1165 1358 2039 2418 2553 2878
FAC 130 : 130 631 926 1516 1809 2293
FAC 136 : 136 325 799 918 1898 2219
FAC 141 : 141 142 225 1215 1483 1829
FAC 149 : 149 928 1265 1501 2438 2763 2898
FAC 153 : 153 496 978 1870 1911 2986
FAC 170 : 86 170 2046
FAC 177 : 177 2230 2311 2624 2782
FAC 183 : 163 183 193 436 999 1278 1578 1788 2956
FAC 185 : 109 185 818 1247 1504 1577 2081 2838
FAC 187 : 187 543 1894
FAC 192 : 192 1135 1706 1758 2264
FAC 196 : 91 196 217 349 664 903 1692 1834 2316
FAC 197 : 197 614 1128 2593 2939
FAC 214 : 214 379 589 1045 2299 2565 2652
FAC 216 : 216 1456 2192 2957
FAC 223 : 223 533 730 743 2292
FAC 226 : 117 226 1337 2153 2850
FAC 240 : 240 1151 1153 2204 2272
FAC 244 : 242 244 534 979 2674
FAC 251 : 251 254 2557
FAC 252 : 31 252 263 449 509 1513 1641 2421 2764
FAC 256 : 256 535 1196 2341
FAC 258 : 258 659 2883
FAC 259 : 259 437 548 2716
FAC 262 : 122 262 1031 1079 1720 1980 2256 2814
FAC 264 : 264 497 1512 2152 2607
FAC 265 : 230 265 793 952 1962
FAC 278 : 278 1078 1114 1581 2056 2788 2984
FAC 284 : 284 512 1266 1415 1419 1714 2024
FAC 285 : 4 11 285 701 987 1741 2305 2951
FAC 300 : 300 330 1067 1203 1928
FAC 306 : 306 378 1227 2041 2419 2464
FAC 315 : 83 315 849 974 1063 1442 1760 2005
FAC 327 : 327 511 785 819 906
FAC 329 : 329 347 1008 1192 1616 1719 2402 2696 2926
FAC 333 : 333 340 789 1744 2465 2535
FAC 346 : 346 552 2452 2830
FAC 353 : 47 353 513 921 1599 1630 1933 2040
FAC 358 : 321 358 426 546 557 662 1148 1728 1941 2943
FAC 359 : 140 339 342 359 809 1750 1757 2646
FAC 362 : 235 362 443 1018 2080
FAC 382 : 382 1642 1671 1709 2454 2698
FAC 384 : 384 1405 1572 2724 2974
FAC 386 : 75 386 1070 1478 2241
FAC 387 : 21 94 387 1436 2526
FAC 388 : 201 388 1187 1895 2484
FAC 390 : 268 390 2174 2692 2961
FAC 394 : 64 198 394 514 767 913 940 1480
FAC 395 : 84 395 1329 1505 2155 2377
FAC 396 : 396 755 1983
FAC 402 : 58 231 283 402 669 2197 2780
FAC 408 : 168 408 883 980 2115 2548
FAC 410 : 257 410 992 2467 2496
FAC 414 : 414 1264 1916 2629 2705
FAC 415 : 328 415 653 1363 1428 2023 2229
FAC 421 : 77 421 1055 2013 2460 2750
FAC 424 : 424 441 1808 1861 1986 2038 2904
FAC 435 : 191 435 536 562 1402 1585 2676 2928
FAC 440 : 440 597 1241 1352 2137 2373 2588
FAC 442 : 343 442 1484 2211
FAC 447 : 447 689 1944
FAC 455 : 455 1058 1552 1913 2004 2422 2662 2672 2872
FAC 468 : 155 468 966 1068
FAC 487 : 61 241 487
FAC 488 : 99 488 1014 1717 2075 2089
FAC 490 : 469 490 917 1932 1934 2443
FAC 495 : 176 248 495 872 2262
FAC 502 : 462 502 752 1571 1676 2567
FAC 506 : 506 680 821 990 1562
FAC 521 : 162 521 1652 2627 2762
FAC 522 : 522 731 1800 1846 1936 2459
FAC 529 : 516 529 1727 2222 2616
FAC 540 : 397 540 1285 1496
FAC 542 : 542 870 1737 2121 2450 2577
FAC 553 : 433 553 1560 1837 2468 2919
FAC 558 : 558 1385 1710 1893 1908 2397 2836
FAC 578 : 578 1039 1522 1802 2144 2602 2776
FAC 581 : 407 581 1912 2391 2541
FAC 582 : 319 450 582 1156 1618 1825 2063 2476
FAC 586 : 544 586 1136 1994 2774 2801
FAC 587 : 425 587 706 1160 2033 2223 2805
FAC 592 : 592 1174 1290 1353 1792 2673
FAC 595 : 595 975 2352 2361
FAC 602 : 520 602 879 1827
FAC 603 : 261 286 603 703 1360 1754 2569 2835
FAC 606 : 606 847 2605
FAC 607 : 471 607 1104 1888 2811
FAC 615 : 615 1035 1479 1748 2408
FAC 627 : 627 1020 1118 1263 1854 2865
FAC 628 : 538 628 950 1364 1372 1678 2282 2424 2580
FAC 633 : 366 633 1410 2183
FAC 634 : 33 634 964 2741
FAC 635 : 391 635 1433 2116
FAC 637 : 355 637 837 1197 1444 1768 2209
FAC 638 : 124 638 855 860 1084 1293
FAC 646 : 646 1487 2513 2579
FAC 652 : 50 652 1152 1416 1659 2002 2057 2670
FAC 654 : 361 654 733 1396 1489 2090
FAC 663 : 277 663 1574 2114 2816
FAC 667 : 601 667 772 1418
FAC 671 : 182 294 332 363 671 1138 1282 1840 2106
FAC 672 : 113 672 2054 2270
FAC 674 : 584 674 850 1085 1477 2202 2537
FAC 681 : 32 681 1864
FAC 687 : 510 687 724 746 991 1508 1694 2218 2521
FAC 692 : 446 692 1301 1558 1725 2199 2514
FAC 693 : 693 1435 2749 2810
FAC 695 : 649 695 1614 2389 2911
FAC 696 : 267 295 696 826 2055 2778
FAC 699 : 76 699 1330 2648 2656
FAC 702 : 43 205 272 702 1521 2015 2058 2139
FAC 709 : 527 709 862 2083
FAC 716 : 716 1590 1685 1739 2675 2884
FAC 726 : 726 1584 2315
FAC 729 : 593 729 970 1228 2035 2736
FAC 734 : 690 734 901 2694
FAC 738 : 204 530 738 1439
FAC 741 : 38 171 500 741 805 884 1525
FAC 742 : 59 742 1182 2606 2983
FAC 748 : 314 554 748 982 1568 2275 2307
FAC 750 : 491 750 960 1781 2563 2844
FAC 751 : 246 457 561 751 1451 2395
FAC 753 : 753 1013 1032 1205 1904 1974 2702 2826 2980
FAC 760 : 147 451 499 760 1569 2965
FAC 771 : 173 238 771 1327
FAC 776 : 661 776 1529 2323 2495 2638 2967
FAC 780 : 780 908 1503 1920 2469 2722
FAC 782 : 541 758 782 2766
FAC 787 : 52 234 787 1328 1605 2906
FAC 791 : 791 2289 2340 2388
FAC 794 : 55 486 498 794 2288 2472 2891
FAC 803 : 803 2280 2714 2841
FAC 810 : 255 810 971 1056 1317 2610
FAC 811 : 17 811 885 2036
FAC 817 : 817 1167 1797 2248 2572 2881
FAC 823 : 715 823 857 915 1163 1511
FAC 836 : 232 836 1325 2250 2979
FAC 842 : 612 640 842 1219 1279 1424 2410 2508 2678
FAC 845 : 279 845 1162
FAC 846 : 164 749 798 846 2386
FAC 852 : 432 816 852 944 1746 2547
FAC 874 : 308 835 874 2018 2127
FAC 876 : 876 1054 2294 2509
FAC 878 : 88 878 1229
FAC 895 : 46 895 1506 1879 2059 2298
FAC 899 : 266 824 899 1791 1946
FAC 920 : 795 920 1238 1922 1996 2142 2633 2996
FAC 923 : 923 1381 2344
FAC 929 : 929 2479 2591
FAC 930 : 126 567 930 1380 1698 2713
FAC 933 : 539 933 1367 1990
FAC 934 : 271 466 864 934 1024 1387 2281
FAC 938 : 377 931 938 2100
FAC 939 : 82 517 781 939 1037 1254 2169 2568 2634
FAC 949 : 369 949 1302 1346 2158 2544
FAC 954 : 127 316 954 1295 1689 2481 2893
FAC 957 : 1 12 957 1161 1198
FAC 965 : 233 965 2053 2463 2534
FAC 972 : 121 575 972 1472 1715 2617 2765 2885
FAC 985 : 307 459 985 1547 1661 2327 2655
FAC 988 : 219 475 988 1189 1277 2171 2314 2920
FAC 1001 : 158 711 1001 2902
FAC 1010 : 893 1010 1047 1048 1885 2074
FAC 1025 : 916 1025 1062 1074 1137 1252 2163
FAC 1049 : 85 1049 1092 1131 1447 2108 2524
FAC 1060 : 452 1060 2097 2243
FAC 1065 : 57 572 909 1065 1650 2546
FAC 1073 : 73 697 1073 1127 1680 2336 2425 2619
FAC 1080 : 1080 1283 2446 2529
FAC 1083 : 150 470 570 708 1083 1782 2339 2768 2998
FAC 1087 : 549 880 1087 1275 1705 1742 2048 2329 2933
FAC 1103 : 576 642 762 1103 1575 2215 2312 2411 2663 2760
FAC 1123 : 1123 1245 1486 1784 1882 2086 2126 2205 2349
FAC 1124 : 20 311 720 740 1124 2331 2632
FAC 1134 : 1021 1134 1310 1462 1474 2303 2960
FAC 1155 : 1155 1636 1735 2141 2208
FAC 1181 : 18 1181 1657 2555
FAC 1183 : 1172 1183 2297 2325 2492 2789 2815
FAC 1184 : 348 1159 1184 1286 2173 2596 2839 2843
FAC 1186 : 41 1186 1237 1857 1968 2573
FAC 1188 : 45 608 892 1188 1383 1964 2603
FAC 1190 : 1168 1190 1523 2725
FAC 1194 : 891 1046 1143 1194 1355 2330 2578 2832
FAC 1212 : 1176 1212 1267 1357 2045 2179
FAC 1213 : 1213 1273 1434 1449 2758
FAC 1214 : 853 1214 2320 2368
FAC 1223 : 49 1223 1365 2180 2182 2792
FAC 1224 : 1009 1011 1224 1909
FAC 1232 : 1232 1559 1967 2797
FAC 1235 : 146 1235 1345 1816 2253
FAC 1236 : 144 515 1236 1276 2353 2997
FAC 1242 : 215 629 1088 1242 1910 2650 2978
FAC 1246 : 867 875 890 1246 1884 2394 2483
FAC 1248 : 274 617 694 1248 1633 1865 2671
FAC 1250 : 566 1195 1208 1250 1567 1745 2601 2730 2794
FAC 1251 : 467 1064 1251 1550 2417 2558 2901
FAC 1256 : 1256 2367 2428 2657
FAC 1268 : 953 1059 1268 2737 2744
FAC 1269 : 375 508 968 1269 2147 2929
FAC 1291 : 1132 1291 1583 2047 2358
FAC 1305 : 1305 1778 1929 1984 2545
FAC 1312 : 1312 1702 1971 2405 2870
FAC 1320 : 167 766 1320 1362 1774 2078 2903 2987
FAC 1321 : 110 618 868 925 1321 1413 1591 1726 2586 2759 2869
FAC 1332 : 0 1332 1470 1495 2907
FAC 1334 : 156 368 688 1322 1334 1810 1979 2134 2140 2277
FAC 1348 : 159 253 289 1029 1294 1348 1391 2224
FAC 1359 : 526 1226 1359 1917 2354 2639
FAC 1361 : 1304 1361 1769 2102 2385
FAC 1375 : 769 804 1375 1576 2042 2403 2793
FAC 1376 : 418 902 1313 1376 2742
FAC 1377 : 123 134 250 866 1344 1377 1518 1640
FAC 1393 : 657 1069 1393 1533 2186
FAC 1395 : 60 569 1382 1395 1999 2682
FAC 1397 : 291 871 1397 1940 1961 2326
FAC 1398 : 380 707 945 1030 1398 1619 1627 1629 1708 2482
FAC 1399 : 169 547 1399 2060
FAC 1404 : 1404 1672 1776 1872 1877 2406
FAC 1409 : 202 1403 1409 1891 2203 2689
FAC 1421 : 389 1096 1421 1767 2234
FAC 1422 : 1000 1109 1422 1563 2138 2345 2604 2779 2845 2858
FAC 1429 : 178 1429 2334 2498
FAC 1430 : 116 719 863 886 1430 1564 1600 2820 2852
FAC 1431 : 737 1122 1368 1431 1651 2099
FAC 1448 : 911 1394 1448 2094 2251
FAC 1458 : 133 1458 1662 2842
FAC 1466 : 555 668 1466 2641 2882
FAC 1468 : 138 705 1170 1260 1373 1468 2399
FAC 1469 : 1193 1469 1507 2677
FAC 1471 : 815 1471 2154 2273
FAC 1481 : 995 1481 2912
FAC 1482 : 371 1082 1298 1482 2767 2825
FAC 1488 : 273 956 1488 1546 1897
FAC 1497 : 2 213 1318 1497 2754
FAC 1502 : 165 351 1369 1502 1545 1766
FAC 1524 : 545 573 735 1139 1460 1524 1771 1921 2853
FAC 1527 : 69 686 1005 1307 1527 2706
FAC 1528 : 281 1528 1991 2487
FAC 1530 : 324 651 700 1530 1747 2122 2382 2414
FAC 1537 : 479 1091 1350 1537 1970 2840
FAC 1538 : 119 399 1211 1538
FAC 1540 : 249 276 1115 1540 2917
FAC 1541 : 727 858 900 1093 1541 1787
FAC 1544 : 102 1019 1544 1918 2393 2532 2944
FAC 1549 : 493 507 1147 1549 2932 2995
FAC 1551 : 1551 2436 2922
FAC 1554 : 334 419 912 984 1554 1761 1938 2360
FAC 1557 : 1297 1557 1701 2227
FAC 1561 : 103 227 641 1561 2441 2886 2982
FAC 1566 : 1043 1253 1566 2448 2644
FAC 1573 : 160 372 813 840 1573 1686 2231
FAC 1580 : 1580 2066 2295
FAC 1582 : 310 1262 1582 1675 2561
FAC 1586 : 770 843 989 1233 1586
FAC 1589 : 416 1338 1589 2217 2945
FAC 1594 : 296 765 1594 2266 2631 2958
FAC 1601 : 786 1097 1601 1691
FAC 1602 : 1120 1602 2098 2613
FAC 1607 : 838 1607
FAC 1609 : 460 1007 1258 1609 1752 2332 2769 2867
FAC 1611 : 247 757 1611 2381 2412
FAC 1617 : 106 1336 1617 1653 1924 2084
FAC 1623 : 179 1613 1623 1931
FAC 1628 : 465 523 728 1457 1628
FAC 1634 : 439 481 1624 1634 1775 1889
FAC 1639 : 331 937 1597 1639 1703 2531 2661
FAC 1664 : 154 364 1542 1664 2738
FAC 1666 : 270 609 1666 1813 2921
FAC 1668 : 504 993 1077 1133 1668 2011 2104 2695
FAC 1669 : 35 370 405 1287 1464 1669 1972 2818
FAC 1670 : 464 1384 1417 1626 1670 2077 2710
FAC 1673 : 1270 1673 1763
FAC 1682 : 54 282 298 417 854 1053 1119 1682 1743 1942 2396 2458 2643
FAC 1683 : 406 859 1166 1683 1806 2260 2866
FAC 1687 : 6 675 1687 2457 2667
FAC 1693 : 40 398 1146 1185 1693 2133 2193
FAC 1700 : 483 1217 1700 2785
FAC 1704 : 643 1704 2823
FAC 1718 : 135 1718 1783
FAC 1729 : 367 1271 1729 2167
FAC 1730 : 152 636 1323 1730 2715
FAC 1759 : 48 981 1452 1759 2993
FAC 1762 : 1414 1762 1973 2384 2505 2660
FAC 1765 : 195 723 1179 1259 1378 1765 1978 2700
FAC 1772 : 865 1498 1548 1772 2887
FAC 1773 : 585 647 1425 1773 2729 2970 2988
FAC 1795 : 107 1257 1408 1677 1795 2189 2475
FAC 1803 : 186 632 825 948 1207 1423 1514 1803 2175 2640
FAC 1804 : 14 768 1081 1804 1843 1874 2037 2387 2574
FAC 1805 : 376 1210 1284 1805 2212
FAC 1815 : 10 302 959 1036 1786 1815 1935 2994
FAC 1817 : 591 1125 1240 1596 1817 1930 2519 2636
FAC 1818 : 563 898 1142 1818 2213 2300 2501
FAC 1835 : 323 869 1510 1835 2837
FAC 1838 : 148 400 1838
FAC 1839 : 1839 2268 2948
FAC 1841 : 1658 1841 1966 2064 2938
FAC 1845 : 910 1603 1621 1845 2404
FAC 1850 : 827 1108 1110 1625 1850 1876
FAC 1851 : 293 420 983 1129 1543 1587 1851
FAC 1853 : 3 74 1853 2022 2494
FAC 1856 : 600 1856 2150 2480 2851
FAC 1858 : 194 650 710 1366 1858 2931 2992
FAC 1863 : 666 1632 1863 1868 2107 2245 2701 2743 2952
FAC 1867 : 1071 1076 1175 1606 1867
FAC 1869 : 790 958 1199 1869 2028 2335 2880
FAC 1878 : 1427 1878 2136 2220 2500 2623
FAC 1880 : 100 779 1880 2614
FAC 1881 : 337 357 941 1392 1881 2291 2542 2590
FAC 1896 : 317 403 831 1896 1906
FAC 1899 : 454 648 783 881 1899 2257 2306 2429 2477
FAC 1900 : 1900 1969 2135 2196 2426
FAC 1901 : 269 568 639 1871 1901
FAC 1902 : 66 461 590 833 1412 1902 2145
FAC 1905 : 788 808 1388 1905 2029
FAC 1907 : 1446 1847 1907 2198 2552 2847
FAC 1914 : 445 1914 2522
FAC 1927 : 318 830 1807 1826 1927
FAC 1939 : 1531 1883 1939 2427 2822
FAC 1953 : 503 616 677 1206 1707 1731 1732 1953 2347
FAC 1957 : 401 812 1157 1461 1957 1976 2319 2370 2407 2539
FAC 1960 : 220 996 1960
FAC 1977 : 556 619 1420 1977 2014 2130 2445 2651 2786
FAC 1981 : 427 524 1954 1981 2362
FAC 1985 : 1779 1842 1985 2161
FAC 1987 : 423 482 1158 1820 1987
FAC 1992 : 1450 1656 1992 2449
FAC 2000 : 434 588 832 961 1180 1926 2000 2520 2808
FAC 2006 : 139 1027 2006 2645
FAC 2009 : 1102 2009 2564 2683
FAC 2012 : 721 2012 2067 2308
FAC 2019 : 580 1324 1812 2019 2497 2525
FAC 2025 : 36 208 335 474 658 1230 2025 2409 2927
FAC 2026 : 605 717 997 1107 1612 2026
FAC 2027 : 96 188 922 1089 1454 2027 2536
FAC 2032 : 476 625 877 1386 1637 1831 2032
FAC 2034 : 200 718 1517 1955 2034 2239 2328 2423
FAC 2044 : 1319 1696 2008 2044 2162 2200
FAC 2049 : 1667 2049 2178 2560
FAC 2050 : 685 1736 1886 2050 2190
FAC 2051 : 166 413 1202 1915 2051 2296 2318
FAC 2062 : 313 577 801 1255 1645 1713 1866 1949 2062 2685 2796 2905
FAC 2065 : 784 1061 1075 2065 2895
FAC 2071 : 222 528 1191 1995 2071
FAC 2072 : 79 1982 2072 2502 2507
FAC 2073 : 704 1509 2073 2824
FAC 2093 : 1280 1308 2093 2599 2719
FAC 2095 : 1105 1149 1519 1595 1753 1873 2095 2148 2228
FAC 2101 : 13 27 610 1796 2101 2504 2890
FAC 2103 : 15 485 532 725 1919 2103 2149 2813 2914
FAC 2112 : 190 438 907 1859 1988 2112 2117 2131 2771 2985
FAC 2118 : 594 1050 2113 2118 2528
FAC 2124 : 494 1923 2124 2207 2434
FAC 2125 : 115 834 1343 1411 2020 2125 2221
FAC 2129 : 132 1459 2129
FAC 2132 : 326 856 2132 2976
FAC 2151 : 34 101 211 341 350 429 2143 2151 2711
FAC 2156 : 239 596 1681 2156 2690
FAC 2159 : 345 477 919 2159 2834
FAC 2160 : 189 304 665 763 1622 2160 2455
FAC 2166 : 905 1724 2166 2390
FAC 2184 : 16 579 2068 2085 2184 2556
FAC 2185 : 679 894 1598 1647 2185 2511 2863 2874
FAC 2187 : 157 172 385 1086 1261 2187 2290 2594 2940
FAC 2188 : 303 1274 2188 2279 2598 2712 2745
FAC 2195 : 87 209 478 1631 2003 2176 2195 2210 2252 2420 2615 2860
FAC 2206 : 1023 2157 2206 2653
FAC 2225 : 98 1066 2225
FAC 2232 : 802 1534 2232
FAC 2235 : 946 1333 1453 2181 2235 2371 2790
FAC 2242 : 430 1154 2091 2242
FAC 2244 : 22 1588 2244 2666 2727
FAC 2249 : 63 428 519 698 1222 2249
FAC 2265 : 243 1654 2214 2265
FAC 2267 : 137 976 1003 2105 2267 2375 2999
FAC 2271 : 125 2172 2271 2755
FAC 2278 : 7 288 411 1042 1490 2278
FAC 2283 : 932 1811 2283 2338 2551
FAC 2301 : 212 1015 2254 2301 2490
FAC 2309 : 292 764 1004 1993 2110 2309 2488 2583 2626
FAC 2317 : 622 1349 1690 2177 2191 2317 2864
FAC 2324 : 2304 2324 2597
FAC 2333 : 2069 2259 2333 2486 2647 2668 2704
FAC 2346 : 287 489 1535 1674 2346 2817
FAC 2350 : 37 120 1106 1112 2350 2628
FAC 2351 : 312 598 1579 2342 2351 2376 2437
FAC 2357 : 935 1145 1526 2357 2489 2576 2781
FAC 2359 : 174 796 973 1780 2194 2359
FAC 2364 : 550 2010 2109 2364 2439
FAC 2365 : 473 732 1178 1570 1608 1823 2365
FAC 2372 : 714 967 2017 2372 2680
FAC 2378 : 72 206 673 1111 1140 1948 2378 2649
FAC 2398 : 221 2398 2752
FAC 2416 : 630 2416
FAC 2430 : 181 1556 1799 2430 2431 2959
FAC 2432 : 1699 1764 1770 1821 2269 2432
FAC 2433 : 56 301 806 1592 2433
FAC 2440 : 797 1646 2007 2440
FAC 2442 : 1116 1716 2261 2442
FAC 2453 : 80 559 1026 2453
FAC 2456 : 352 977 1455 2168 2456 2523 2658 2846
FAC 2462 : 338 2165 2226 2246 2462 2665
FAC 2474 : 1303 1465 2061 2474
FAC 2493 : 1249 1432 2451 2493
FAC 2499 : 383 1341 1638 2499
FAC 2503 : 336 814 1749 2503 2949
FAC 2512 : 1044 1740 2512 2896
FAC 2516 : 228 683 1655 1855 1952 2516
FAC 2517 : 1209 1604 1794 2343 2485 2517
FAC 2518 : 210 1649 2518
FAC 2527 : 963 1028 1201 1326 1644 1684 1723 2030 2527 2585
FAC 2533 : 682 962 1038 2286 2533 2973
FAC 2538 : 431 472 1204 1494 2538
FAC 2549 : 322 1844 1950 2549
FAC 2550 : 89 356 1887 2550
FAC 2554 : 373 453 1121 1441 1665 1945 2337 2554 2855
FAC 2559 : 180 1309 2559 2746 2753
FAC 2562 : 896 1244 2562
FAC 2566 : 224 299 1051 1892 2302 2566
FAC 2570 : 25 756 1790 1989 2570
FAC 2581 : 713 2285 2287 2581
FAC 2584 : 1281 1347 1937 2016 2584 2963
FAC 2587 : 381 1311 1849 2587 2718
FAC 2595 : 656 1094 1400 1785 2491 2595 2862
FAC 2608 : 807 1697 2608 2833
FAC 2609 : 236 501 670 792 828 943 2609 2735 2915
FAC 2611 : 393 583 2274 2321 2611 2803 2936
FAC 2618 : 624 888 927 2618 2947
FAC 2620 : 444 1499 2620
FAC 2621 : 1711 2070 2621 2819 2910
FAC 2622 : 131 237 280 525 2356 2622 2800
FAC 2637 : 93 851 1756 2082 2237 2415 2637 2723 2747 2795
FAC 2642 : 129 1002 1476 2088 2642 2740
FAC 2654 : 775 1836 2447 2461 2654 2918
FAC 2659 : 644 1789 1860 2659 2848
FAC 2681 : 1299 1443 2164 2444 2681
FAC 2684 : 1034 1340 1485 2043 2076 2684
FAC 2686 : 839 1052 1615 2589 2630 2686 2728
FAC 2688 : 480 1354 1828 1832 2688 2748
FAC 2693 : 344 1389 2693 2955
FAC 2697 : 1620 1947 2369 2625 2697 2804
FAC 2699 : 143 161 1536 2374 2699 2966
FAC 2703 : 108 936 1101 1862 2691 2703
FAC 2707 : 5 1963 2707 2894
FAC 2709 : 28 448 565 1331 1445 2413 2506 2709
FAC 2720 : 175 822 1814 1830 2720
FAC 2721 : 1342 1467 2721
FAC 2734 : 774 914 1113 1438 2734 2751 2977
FAC 2739 : 829 1491 2052 2739
FAC 2756 : 1200 2079 2363 2571 2612 2679 2756
FAC 2761 : 309 759 848 1555 2380 2761
FAC 2770 : 297 773 887 1040 1243 1593 2770
FAC 2773 : 897 2001 2773
FAC 2775 : 290 360 1017 1437 2600 2664 2775 2828 2954
FAC 2784 : 245 551 1141 2240 2777 2784 2934 2950
FAC 2787 : 145 623 655 1734 2216 2471 2787
FAC 2798 : 574 951 1117 1225 2092 2798
FAC 2799 : 81 97 537 820 1234 1374 2201 2799 2989
FAC 2802 : 571 889 924 1218 1610 2802
FAC 2806 : 684 1220 1777 1997 2575 2806
FAC 2807 : 404 1289 2543 2708 2807 2930 2968
FAC 2812 : 691 1231 1473 2812 2854
FAC 2821 : 365 660 841 2355 2821
FAC 2827 : 218 1216 1351 1688 1798 2383 2827
FAC 2829 : 761 1169 1288 1679 1824 2236 2829
FAC 2831 : 65 422 998 1012 1022 2313 2322 2831
FAC 2849 : 626 844 1164 1475 2310 2849
FAC 2856 : 1426 2366 2466 2669 2772 2856
FAC 2857 : 1100 2238 2857
FAC 2859 : 560 947 1663 1751 2859
FAC 2868 : 604 986 2757 2868
FAC 2871 : 67 2111 2170 2871
FAC 2873 : 111 564 778 1553 1722 1733 1819 1956 2873
FAC 2875 : 1041 1177 1833 2096 2733 2875 2888
FAC 2876 : 275 712 2119 2731 2876
FAC 2877 : 374 456 1292 1379 1493 1998 2031 2877
FAC 2879 : 151 203 505 2258 2879
FAC 2889 : 260 1144 1370 2889
FAC 2892 : 1130 1440 1951 2478 2892
FAC 2899 : 1635 1643 1959 2899 2937
FAC 2900 : 92 531 942 1903 2401 2900
FAC 2908 : 409 484 2791 2908
FAC 2909 : 412 1755 2120 2717 2861 2909
FAC 2913 : 736 873 1463 1695 2913
FAC 2916 : 320 739 1033 1296 2400 2916
FAC 2923 : 39 1822 2263 2923
FAC 2935 : 24 645 744 747 1272 1660 2470 2582 2935
FAC 2941 : 1090 1126 2941 2964
FAC 2942 : 199 754 969 2942
FAC 2946 : 599 1401 2435 2515 2946
FAC 2953 : 71 392 611 621 1406 2021 2540 2953
FAC 2962 : 745 1852 2087 2962
FAC 2969 : 678 1721 2969
FAC 2971 : 184 463 861 1239 1335 2379 2510 2530 2971
FAC 2972 : 1315 1371 1712 1793 1890 2972
FAC 2990 : 994 1171 2924 2990
