== PROBLEM ==
# N_FACILITIES: 3000
# N_CLIENTS: 3000
# SIZE_RESTRICTION_MINIMUM: -1
# SIZE_RESTRICTION_MAXIMUM: -1

== RUN DATA ==
# FILTER: BETTER_THAN_ALL_PARENTS (3)
# TARGET_SOLS: 1
# PRECOMP_CLIENT_OPTIMAL_GAIN: 0.000000
# N_THREADS: 4
# SELECT_ONLY_TERMINAL: 1
# LOCAL_SEARCH: SWAP_RESENDE_WERNECK
# LOCAL_SEARCH_BEFORE_SELECT: 1
# LOCAL_SEARCH_REM_MOVEMENT: 1
# LOCAL_SEARCH_ADD_MOVEMENT: 1
# BRANCHING_FACTOR: 8
# BRANCHING_FACTOR_CORRECTION: 1
# PATH_RELINKING: PATH_RELINKING_UNTIL_NO_BETTER
# PATH_RELINKING_LOCAL_SEARCH: SWAP_RESENDE_WERNECK
# RANDOM_SEED: 1621838487
# RESTARTS: 1
# VERBOSE: 0
# BRANCH_AND_BOUND: 0 (deprecated)
# LOWER_BOUND: -3570766.000000 

# REDUCTION: sdbs+:300:mgesum _best:600
# INPUT_FILE: "problems_kmedian_original/3000-10"
# CPU_TIME: 4767.919922
# ELAPSED: 1335.312988
# VIRT_MEM_PEAK_KB: 3494748
# TOTAL_ITERATIONS: 31

== LOCAL SEARCH INFO ==
# LOCAL_SEARCH_CPU_TIME: 4022.130000
# N_LOCAL_SEARCHES: 50295
# AVG_LOCAL_SEARCH_MOVES: 7.165086

== PATH RELINKING INFO ==
# PATH_RELINKING_CPU_TIME: 732.420000
== FIRST RESTART INFO ==
# FIRST_ITERATIONS: 31
# FIRST_PER_SIZE_SOLS:             1   2400   2398   2382   2373   2355   2299   2265   2188   2111   1949   1893   1775   1612   1444   1314   1214   1046    889    752    638    495    445    339    294    232    185     93     31     12      4
# FIRST_PER_SIZE_SOLS_RED:         1    300    300    300    300    300    300    300    300    300    300    300    300    300    300    300    300    300    300    300    300    300    300    300    294    232    185     93     31     12      4
# FIRST_PER_SIZE_LOCAL_OPT:        0      0      0      0      0      0      0      0      0      0      0      0      0      0      0      0      0      0      0      0      0      0      0      0      0      0      0      0      0      0      0

== PER RESTART INFO ==
# RST        0 -3570766.000000 4767.920000

== SOLUTIONS DATA ==
# OUTPUT_SOLUTIONS: 1

== SOLUTION ==
# VALUE: -3570766.000000
# ASSIGNS: 1856 1680 2765 1269 1856 2027 2729 2313 2765 1242 723 1680 1680 271 2729 2729 1856 2313 1242 1856 271 2198 1242 1338 937 1338 723 271 2765 2356 2765 723 767 2423 767 2356 1856 2423 2198 271 1338 389 1269 2379 2423 2765 1269 937 2198 1512 2423 1856 54 389 54 2198 2423 2719 723 723 2313 723 389 2423 767 2313 1269 2379 275 2719 723 2765 1512 1680 1269 2729 1680 271 271 2313 2356 1512 937 1242 2719 1680 1338 2313 1512 1856 1338 389 937 2027 2198 389 2027 1512 2198 937 1242 767 2986 2356 723 1242 2356 2356 2027 2423 389 1242 1242 723 275 2379 2313 2729 1856 389 2423 2765 2719 2719 723 54 2729 767 2423 2379 2986 2356 2719 2356 2719 54 2729 54 2986 1242 937 1269 1269 2986 937 1338 767 1856 54 1269 2986 1338 1680 2986 1338 2729 2729 2379 937 2986 54 2986 1269 2313 937 2027 1269 767 275 2027 1338 2198 2379 1338 2379 1269 937 2719 767 2198 1512 937 2719 2313 2379 2423 1269 2729 2027 2423 275 1680 2027 2313 2765 723 389 1269 767 2986 2423 1856 271 1338 2423 2379 1512 275 1856 2313 2027 767 1338 2765 2719 1242 2027 389 1338 389 2379 1680 767 2198 767 1269 2729 2356 2356 1242 1242 723 1680 2986 54 271 2379 2356 1338 1242 1338 723 2719 271 2719 2729 54 271 937 723 2719 1338 723 2986 1338 2765 1856 2198 723 2986 2027 2356 2719 723 1512 1242 2379 1856 2423 2765 2198 271 2379 937 2765 275 723 2719 2313 2423 2356 2719 54 723 1856 1856 2356 1269 2313 2986 2765 2027 2729 54 2719 1856 937 2356 54 1269 54 2423 723 2423 2423 2423 389 2027 2423 723 54 271 2027 723 937 1242 767 2765 1242 389 767 389 2986 2729 2027 2729 2379 54 2719 2198 54 937 2719 2765 1856 1856 2423 271 2423 937 2765 767 937 1512 723 2423 2198 2198 2198 389 767 2027 2729 937 1242 767 1856 271 389 937 2765 2027 271 2719 1338 2423 2027 275 1242 271 2356 2719 54 1512 2719 1269 1856 2027 389 2719 767 389 2198 767 271 2379 2729 2198 1856 389 389 2313 2765 2198 767 2198 2313 2313 1338 389 54 54 723 2765 1269 2356 767 2313 275 2379 2198 2313 1242 1269 2423 2719 1338 54 2313 1856 54 271 2313 1269 937 2719 389 1338 2423 767 2379 2356 937 2198 2986 1680 2313 2986 275 389 937 937 1512 271 2729 767 54 275 2765 1338 1856 1856 2729 1512 54 2986 2719 54 1856 54 2356 1269 2379 2379 54 2356 271 2719 2729 389 2986 2719 2356 2313 1856 389 937 2423 2313 1512 723 389 1269 723 937 2729 2198 723 937 1269 389 1242 389 271 275 937 2986 1512 2198 1856 2198 2765 2379 2356 1512 1338 2729 271 1269 275 2986 54 1856 937 767 937 1856 937 389 2423 2356 1269 275 2356 1338 2356 2027 2423 767 1856 2423 2986 2729 2198 2719 1856 1680 1512 2423 1856 2313 723 1269 2729 767 1856 389 2027 2423 275 723 2719 2198 2198 937 2765 937 389 1680 2356 2765 54 1680 2765 1242 2765 389 2729 2765 2356 2986 2356 2719 1856 937 2765 271 723 271 1856 767 2313 1856 2198 767 2729 767 2719 2986 2719 1269 54 1269 1338 1512 1338 1242 937 2027 1680 1856 1242 2356 2356 389 54 937 2719 2765 2198 271 2765 723 2356 1269 389 2356 2765 389 937 271 2765 2765 1338 275 937 2986 767 2423 1242 1242 2986 1269 2027 723 2313 1680 767 723 2765 723 2356 2379 723 2423 937 2356 2729 54 1856 2765 2027 2423 2719 2027 1338 1512 1680 1856 723 2423 1242 389 2719 389 2423 723 1242 2765 723 2765 2719 723 1512 767 2729 2423 2356 1680 2379 2729 767 2729 2356 1856 2719 2719 2986 2729 275 2719 2986 54 275 2765 1856 1856 1680 2423 1680 2027 1856 2379 2356 767 2986 2719 2986 2986 2423 2765 937 275 2379 1269 2027 1680 54 2423 2313 271 2027 2765 723 2986 2729 1512 2198 2356 1338 2198 275 2313 2027 2719 1856 2027 1242 2423 767 271 2198 723 2198 937 2423 2986 937 937 937 1242 54 2379 2765 2986 2313 1338 271 723 723 1856 2379 2379 2423 2729 937 767 767 2729 2356 1242 1338 1242 2356 1338 2719 1242 2765 1242 1242 2729 937 723 54 723 54 2313 54 2729 2765 2198 2379 2765 1242 2198 767 2379 2986 937 2729 2423 723 2423 1680 2356 2198 2423 389 2729 937 2765 1856 54 54 2423 1680 937 54 2423 54 1512 2729 1269 2027 2379 2423 1856 54 2765 2356 1242 2765 2986 1269 2379 2423 1680 767 767 1680 54 2423 723 1242 2986 2423 937 937 723 1242 767 2027 937 2719 54 723 2379 2027 2198 1269 723 2379 2423 2313 271 271 2719 723 389 2729 1269 2027 937 2027 2423 1269 2198 937 1512 2356 275 54 389 275 2198 1856 2313 2356 275 2356 1269 1512 2765 1512 2379 1269 271 1680 2765 2379 2198 2719 2356 389 1338 1680 54 275 2729 2719 271 1242 1856 767 1338 2027 1512 389 2729 2423 767 937 2027 937 2356 389 2986 1338 1269 1856 2729 2027 271 1856 271 937 2027 937 2027 937 767 271 937 2765 937 2986 2729 2765 1269 271 2423 937 1242 2423 767 2356 937 1680 2198 1338 1242 2986 2729 2765 1680 2986 2729 767 1269 2986 1338 2765 2765 937 1242 1338 54 2729 2986 2719 275 2198 937 54 1856 2027 389 1856 389 1242 2729 2986 2198 1512 54 271 2379 54 2313 2313 2313 937 2379 54 2729 2719 1338 2356 2198 1512 1512 1512 2313 2765 937 1338 2765 2765 271 2986 767 1338 2313 2765 271 1512 2356 1242 2765 389 767 2719 2765 767 271 389 723 937 2729 271 2356 1680 2313 2986 1512 2719 1512 1512 1512 1680 1512 1269 1680 54 2198 271 2765 1242 2986 2423 2729 723 1512 1242 2719 2719 2198 54 2729 1680 2729 2027 723 1680 1512 723 54 1512 2313 2719 275 2729 2719 2986 723 767 937 275 1242 2027 2027 1512 1680 2198 1512 1856 389 2313 1856 389 2719 2027 2423 2379 2719 275 2423 54 54 2313 54 1512 2423 1338 275 723 2765 937 767 54 937 1512 1242 2356 271 54 2027 1680 1269 54 2379 1680 2313 1512 1338 2027 767 2198 2719 1856 1512 2719 2765 1512 2027 937 1338 271 389 275 1242 1338 2423 1338 2379 2379 1856 54 1269 2198 2719 1680 2423 2027 2986 2423 1269 54 1269 2379 2986 54 275 1269 1269 2027 1512 1680 1680 723 2986 1242 723 275 2198 1338 389 1680 2765 389 1269 767 2198 275 1512 389 1856 767 1680 2198 1242 2765 1269 54 2356 2765 2356 1269 389 2729 1856 389 1512 767 2719 1269 1338 723 2356 723 1856 1856 2423 1512 1512 937 2027 389 1338 1512 1856 2198 937 1242 1512 767 937 389 1512 2379 54 937 1242 2356 271 2356 723 2423 2765 2379 389 2719 2198 2986 937 723 723 2356 2356 723 2986 2379 54 767 2423 1269 1856 1512 2423 1269 1512 2313 937 767 2423 275 2719 389 2313 723 2719 2379 2719 275 1856 2313 2198 2356 2379 1269 1269 2313 2719 723 2986 767 767 937 2719 723 2765 54 271 2729 2729 1512 271 2198 2719 1512 1338 389 1680 2356 1856 2027 1242 2765 2765 389 767 389 2765 1680 767 1680 2765 1338 54 2198 1680 2765 1856 2729 2729 2379 2356 2729 1338 389 271 767 275 2379 2719 767 271 2765 2986 2765 1512 1338 937 1269 723 1512 1242 1512 2423 2027 2356 2729 767 2719 2423 1512 2765 1856 1242 2027 2027 1856 2423 2986 1512 2356 2313 2719 723 2198 2729 937 2356 2765 54 1680 937 271 2729 723 271 2986 271 1680 1242 2356 2027 2027 2986 2027 1512 1680 275 271 2027 271 2765 2765 2356 271 2027 2379 1269 389 389 1856 2423 54 1242 1856 937 389 2313 1269 723 2729 389 2379 2719 767 2313 1242 2379 2313 767 275 2198 2765 1338 2423 1856 1512 1242 723 767 2765 2198 1680 1242 767 2986 54 2198 2729 2027 2729 2027 2356 2356 2719 1856 54 1338 2027 2356 2719 2765 1680 2986 275 1856 1680 2765 2986 1338 2986 2379 767 2729 389 767 271 2719 1269 1512 271 2356 2356 937 2027 2313 2356 723 2719 2356 1856 2313 2765 271 2729 389 1269 2027 2729 2423 2198 1269 275 2986 767 2729 2027 1512 723 2423 723 2986 2423 2719 275 2356 2379 271 1269 1856 2198 937 2719 2719 1242 2027 2198 2765 1680 2423 1269 2986 1512 389 2765 723 2198 1338 54 2986 2027 937 2027 271 271 2719 2198 2986 1242 1856 723 937 937 54 937 2198 2356 2729 2313 2313 2027 2986 389 937 1856 1680 2379 271 54 2719 2379 2356 2423 2313 2027 1680 2313 54 1680 1512 1680 1242 54 1242 1338 1680 389 2423 2356 937 275 54 937 2379 937 2313 2313 937 271 2729 2027 54 767 2313 2356 2356 271 54 2198 1856 1680 2198 2356 1856 767 389 271 2423 2198 389 54 54 2986 2356 767 937 2313 723 2765 389 2313 2379 937 767 937 2719 723 2198 2313 2765 723 2986 2379 1242 2027 2719 1242 1269 2356 271 2356 2986 2729 2027 2423 937 54 2356 2765 1338 1512 2198 2986 1512 2356 54 2198 2027 1512 1269 54 2379 2356 2423 2379 1680 1242 54 1269 2765 1680 54 2729 1338 767 937 2313 389 1338 2986 2027 389 389 2729 1856 723 937 1680 937 723 275 2027 2313 2986 2198 1680 2379 1856 723 1856 2765 2765 937 54 2198 2719 1680 1242 2765 2423 54 389 1856 389 275 1680 2356 2356 1242 1338 2379 2719 1269 2423 1680 1512 1856 275 54 1242 389 937 2027 389 2423 937 2765 2356 275 2356 1242 2027 937 2027 2198 1242 1856 389 1512 1856 723 2027 389 767 2719 1856 1856 271 2729 767 389 2027 1856 1512 271 2379 1242 2986 54 2356 1512 723 2198 2313 2423 1338 2379 1269 2027 2729 2356 271 54 1338 937 275 1856 271 1269 2729 1856 1269 1242 937 2986 1242 2379 767 2198 1269 723 767 54 2765 1242 1269 1856 271 1680 2379 1856 1242 2356 723 1269 1269 937 723 1680 389 2729 2719 2198 54 2379 2719 54 271 2729 2986 271 275 2198 1269 2379 54 54 2423 1269 767 2356 1856 389 2765 275 2423 937 2027 723 767 2765 723 2027 723 2198 2986 2765 2027 275 2729 2765 54 2027 2379 1269 1242 271 2356 2986 723 1512 2719 1856 2719 389 2027 271 767 1680 2729 1856 2765 937 1242 54 275 2765 1269 937 2765 2729 271 2198 1680 1512 1242 2986 2313 2986 767 1269 2423 2027 2986 2729 2729 1856 767 275 2356 723 2986 1242 54 1512 54 2198 389 937 389 1338 275 271 1856 2986 2027 389 54 723 275 1512 2379 389 1512 723 2986 2379 2356 2356 1338 2423 1242 54 1856 2313 2379 2027 1242 2027 2765 275 54 937 389 275 1512 1680 2356 389 2765 723 54 937 723 2729 2719 1338 2313 275 1512 271 937 1269 275 1338 1856 2719 2986 2729 767 767 767 1856 2198 2356 2986 1680 2423 2313 2986 1242 1242 937 2986 2423 723 1512 2027 271 937 2379 2379 1269 2423 767 2379 2765 1269 2719 1856 1856 54 2027 2198 2729 2765 2719 937 2719 2423 1338 1856 2729 937 2423 937 389 2356 271 389 1512 1338 2313 275 2986 2719 1269 2356 2986 723 1856 275 2423 2379 1269 2027 2729 723 389 54 723 1680 2027 1856 937 1856 767 2313 767 1512 937 271 54 2198 2729 271 2423 2027 2423 2356 1856 54 2423 2379 937 2027 2379 937 2719 1242 275 1680 2729 937 1242 2027 271 937 2729 1512 54 2719 723 1680 723 2729 2379 275 1512 2719 275 2313 275 1512 275 1242 1269 2027 2356 275 2379 54 2423 723 2719 937 275 2379 1338 2729 275 2379 937 2313 2379 1242 2379 767 767 271 1269 275 1269 275 2729 1856 767 1512 2729 1680 2198 1242 2765 271 2423 2423 271 389 2198 723 2423 2423 275 2729 937 2379 389 2356 2198 389 1269 2313 2765 2986 1512 1512 2729 1512 2027 1856 2379 1680 2379 2423 2356 2719 2765 2027 1338 2379 2313 275 723 2198 54 389 1512 767 271 1338 54 2765 275 2379 767 2313 1512 1856 2765 271 271 1338 1338 2986 2729 2379 2379 1856 2719 2986 2198 2423 937 275 2719 2986 54 2423 2423 389 2729 2379 2027 2719 2423 2729 2729 2379 2729 1242 723 2423 1680 54 2423 1680 1242 2313 767 1338 275 2719 54 1338 937 767 2765 937 271 2027 271 937 54 2379 1856 723 2356 1338 1680 2198 937 2765 2765 2313 2986 1680 271 2423 271 389 2379 2729 2379 2198 2379 2379 271 2719 2986 2198 1680 1269 275 1269 2719 2765 1338 767 1338 2198 1856 54 937 2027 2729 2986 2719 2379 2313 389 1512 389 2765 1269 54 2719 2198 2313 1242 2198 275 2027 2027 2423 275 1512 271 2356 937 767 2198 1680 1512 271 2986 2379 1856 2027 2765 937 2313 1269 2356 2765 54 2423 2027 1338 937 2027 2423 2356 937 2313 2379 1856 1338 1338 1242 723 1680 389 723 2719 389 54 2729 1269 937 2986 54 2027 2198 1512 2379 1338 271 2027 1338 389 2719 937 2729 2379 1856 2423 2313 1242 2986 1269 54 54 1680 1680 2986 767 937 2198 2356 271 1680 2027 54 389 1856 723 271 271 2765 2027 2027 1242 2719 2423 389 2313 723 2986 2423 2423 1680 275 2986 723 54 937 937 1856 2423 275 1680 2198 2027 1269 723 2986 2356 2765 389 723 937 275 2719 2986 2986 1269 2379 2198 2356 2198 2423 2729 2729 54 275 271 2719 2423 2986 389 1242 389 2198 2198 2729 937 1338 2198 1242 2729 2356 1856 54 2379 1856 1856 767 2986 723 1856 2765 937 2719 2729 937 1338 1512 275 2379 1269 1242 2198 767 767 767 2379 2765 2313 2423 271 389 2765 2313 723 2198 2379 2379 1512 2356 54 1680 2356 2729 2027 54 2986 2986 767 2729 1680 767 2198 2765 1512 275 2379 937 2986 2729 2986 2765 2027 767 2356 54 2765 2313 271 1269 271 1512 2719 937 275 2986 1856 271 2198 2423 1512 1242 1856 1338 2719 1512 2986 54 271 1242 2423 2719 767 2379 937 2356 1338 1242 54 389 2729 1856 937 1269 1512 2356 2423 2379 937 2729 2379 2765 389 389 937 1680 271 1856 723 1269 2379 1512 2198 2198 2423 2719 2765 389 271 2765 2313 937 723 1512 389 2765 2765 2198 2729 937 1242 2313 1856 2765 275 1680 2729 2379 2356 2379 2986 389 2729 1269 2423 2423 1680 937 271 767 937 1856 54 2027 1242 2027 1269 2765 2379 54 2986 1242 937 937 2313 1512 1242 937 2719 2765 2719 54 1680 723 2729 2423 389 937 2986 2379 2765 2423 1242 2729 937 389 2423 2765 2986 1269 2719 1680 1680 275 723 1242 1269 723 2356 2423 271 723 1680 2765 723 271 1242 2027 2423 723 2719 1512 2198 389 2198 2986 723 723 2765 2027 937 2423 2198 2027 1269 2765 54 767 2423 2729 1680 1680 2986 1242 389 2719 1269 275 2729 2027 271 1269 271 1242 1680 2729 389 275 723 1680 1338 2765 1338 2423 1338 2356 2379 2423 2313 723 2423 2423 1512 2027 723 275 271 1338 1680 1512 2765 2356 1242 389 767 389 271 723 1269 1269 723 2765 723 2719 2986 2356 2356 275 389 1680 767 2765 271 2719 1856 2313 723 937 2719 1856 2729 723 937 1338 2313 275 2729 937 1512 2356 389 2027 723 937 937 1512 2356 767 2356 2198 389 2719 1856 1269 2986 723 275 2719 2986 2729 2719 275 2719 1269 2356 2379 2313 2423 2986 723 767 2719 2765 1338 2765 2379 2198 2313 1512 389 2423 2356 1680 2729 2423 2198 1512 1680 2356 2198 1242 2313 2729 2198 2423 2986 2729 1856 2313 1856 2986 1512 389 2719 2313 2765 2313 1242 1512 2379 2765 767 767 2356 389 389 1680 2379 2986 1242 2379 1680 275 2719 2423 1338 2198 54 2765 723 1680 2765 1856 271 1680 2027 271 2198 2379 767 2027 723 1512 1242 1269 2313 937 2719 937 767 389 723 54 1856 937 1242 2379 1856 271 2027 2729 2765 767 723 2719 2198 389 2198 2198 271 54 723 2198 1856 1680 1269 1269 2765 271 275 2719 937 2198 2313 2027 1269 2379 2027 2986 389 2986 1338 1680 275 2379 2423 2719 1680 723 2765 2765 723 2313 2027 937 937 1338 389 2423 2379 2027 1856 2986 1242 1269 1680 2729 2379 1856 2729 271 275 2379 1338 1242 1680 2765 1242 2356 723 2313 275 2986 767 2729 1512 54 1856 2765 2198 723 271 767 937 2986 54
# N_FACS: 23
# INDEXES: 54 271 275 389 723 767 937 1242 1269 1338 1512 1680 1856 2027 2198 2313 2356 2379 2423 2719 2729 2765 2986 
FAC 54 : 52 54 125 135 137 148 160 234 246 282 293 298 300 310 327 330 372 400 401 417 420 446 454 457 459 464 511 561 591 605 648 692 717 751 783 785 787 812 813 817 819 827 840 854 881 906 976 983 994 997 1003 1053 1067 1076 1107 1108 1110 1119 1125 1129 1157 1167 1171 1203 1240 1262 1301 1328 1384 1417 1451 1461 1543 1558 1573 1582 1587 1596 1606 1612 1625 1626 1661 1670 1675 1682 1686 1718 1725 1743 1783 1797 1817 1838 1841 1850 1851 1876 1899 1928 1930 1942 1957 1966 1976 2026 2064 2077 2086 2105 2126 2199 2205 2231 2248 2257 2267 2306 2319 2349 2370 2375 2395 2396 2407 2429 2458 2477 2514 2519 2539 2561 2572 2636 2643 2655 2710 2881 2906 2924 2990 2999
FAC 271 : 13 20 27 39 77 78 202 235 243 247 271 311 337 357 362 369 384 421 443 466 493 507 576 578 610 620 720 740 757 864 865 896 910 932 934 941 949 995 1018 1024 1034 1039 1055 1124 1147 1244 1302 1306 1340 1346 1387 1390 1392 1403 1405 1409 1481 1485 1498 1522 1548 1549 1572 1603 1611 1621 1654 1772 1779 1796 1802 1822 1842 1845 1881 1891 1906 1937 1985 2013 2043 2076 2080 2101 2144 2158 2161 2203 2214 2215 2263 2265 2281 2283 2291 2331 2338 2381 2404 2411 2412 2460 2504 2542 2544 2551 2562 2590 2602 2632 2684 2689 2724 2726 2750 2760 2776 2887 2890 2912 2923 2932 2974 2995
FAC 275 : 68 114 168 190 207 275 367 408 438 447 494 509 522 549 624 689 693 712 731 880 883 888 907 980 1080 1087 1105 1114 1149 1172 1183 1193 1275 1283 1342 1402 1435 1469 1507 1519 1595 1705 1729 1742 1753 1800 1846 1859 1873 1900 1923 1936 1944 1965 1969 1983 1988 2048 2056 2095 2112 2115 2117 2119 2124 2131 2135 2146 2148 2167 2196 2207 2228 2255 2297 2325 2329 2426 2434 2446 2459 2492 2529 2548 2618 2677 2721 2731 2749 2771 2789 2810 2815 2876 2933 2947 2975 2985
FAC 389 : 41 53 62 91 95 110 119 196 217 219 306 319 321 349 358 378 381 389 390 399 426 439 469 475 481 490 492 518 546 557 566 604 615 618 662 664 807 868 882 903 917 925 986 988 1029 1035 1096 1099 1148 1186 1189 1195 1208 1211 1227 1237 1250 1277 1311 1319 1321 1339 1413 1414 1421 1426 1479 1500 1538 1567 1591 1620 1624 1634 1692 1696 1697 1726 1728 1745 1748 1762 1767 1775 1834 1857 1889 1932 1934 1941 1947 1968 1973 2041 2044 2063 2162 2171 2174 2200 2234 2284 2314 2316 2366 2369 2384 2408 2419 2443 2464 2466 2505 2573 2586 2587 2601 2608 2625 2660 2669 2697 2718 2730 2757 2759 2772 2794 2804 2833 2856 2868 2869 2904 2920 2943 2961
FAC 723 : 10 26 31 58 59 61 70 104 113 124 195 231 241 249 252 258 263 276 283 302 309 313 344 402 480 483 487 541 550 577 612 634 638 640 643 659 666 669 672 723 742 758 759 782 784 801 842 848 855 860 867 1036 1061 1072 1075 1084 1115 1179 1182 1217 1219 1246 1255 1256 1259 1279 1293 1299 1354 1378 1389 1424 1443 1492 1513 1515 1540 1555 1632 1641 1645 1700 1704 1713 1765 1786 1815 1828 1832 1863 1866 1868 1884 1925 1943 1949 1975 1978 2010 2054 2062 2065 2107 2109 2128 2164 2197 2245 2270 2364 2367 2410 2421 2428 2439 2444 2483 2508 2592 2606 2657 2678 2681 2685 2688 2693 2700 2701 2732 2743 2748 2761 2764 2766 2780 2785 2796 2809 2823 2883 2895 2905 2917 2925 2952 2955 2983 2994
FAC 767 : 32 34 64 101 127 146 167 178 198 211 222 224 316 320 341 350 355 380 383 394 406 429 445 514 528 544 580 584 586 627 637 674 681 704 739 766 767 795 837 838 850 913 920 940 954 967 1020 1030 1033 1085 1118 1136 1191 1197 1213 1235 1263 1273 1295 1296 1320 1324 1341 1345 1362 1429 1434 1444 1449 1477 1480 1509 1607 1619 1629 1638 1689 1768 1774 1812 1816 1854 1864 1892 1914 1922 1994 1995 1996 2019 2071 2073 2142 2143 2151 2202 2209 2253 2260 2302 2334 2400 2481 2497 2498 2499 2522 2525 2537 2566 2633 2711 2758 2774 2801 2824 2865 2866 2893 2903 2916 2987 2996
FAC 937 : 24 47 82 92 99 140 144 158 164 176 181 248 273 296 314 331 339 342 353 359 424 432 440 441 476 484 488 495 513 515 517 554 556 574 597 606 619 625 645 711 744 747 748 749 765 781 798 809 816 846 847 852 872 877 921 923 935 937 939 942 944 951 956 973 982 1001 1014 1037 1086 1117 1120 1145 1225 1232 1236 1241 1254 1272 1297 1352 1381 1386 1420 1488 1526 1546 1556 1557 1559 1568 1594 1597 1599 1602 1630 1637 1639 1660 1690 1701 1703 1717 1746 1750 1757 1799 1808 1831 1861 1897 1903 1933 1967 1977 1986 2007 2014 2032 2038 2040 2069 2075 2089 2092 2098 2102 2130 2137 2169 2227 2259 2262 2266 2275 2307 2333 2344 2353 2357 2373 2386 2401 2430 2431 2445 2470 2486 2489 2531 2547 2568 2576 2582 2588 2605 2613 2631 2634 2646 2647 2651 2661 2668 2704 2781 2786 2791 2797 2798 2900 2902 2908 2935 2958 2959 2997
FAC 1242 : 9 18 22 83 100 105 111 112 139 215 229 230 239 265 315 318 354 368 412 491 564 596 601 629 630 661 667 737 750 770 772 776 778 779 793 830 843 849 911 952 960 974 989 1027 1057 1063 1088 1122 1150 1181 1200 1233 1242 1316 1356 1368 1394 1418 1431 1442 1448 1529 1553 1586 1588 1648 1651 1681 1722 1733 1744 1755 1760 1781 1807 1810 1819 1826 1880 1898 1910 1927 1956 1962 2005 2006 2094 2099 2120 2140 2156 2244 2251 2323 2363 2392 2416 2465 2473 2495 2555 2563 2571 2614 2638 2645 2650 2666 2679 2690 2717 2727 2756 2844 2861 2873 2897 2909 2967 2978 2981
FAC 1269 : 3 42 46 66 74 141 142 149 162 166 175 186 197 225 287 299 375 404 413 423 461 482 489 508 521 542 590 592 614 632 714 822 833 859 870 875 890 895 928 948 968 1051 1128 1158 1166 1168 1173 1174 1190 1202 1207 1215 1265 1269 1289 1290 1353 1412 1423 1483 1501 1506 1523 1535 1652 1674 1683 1737 1792 1803 1806 1814 1820 1829 1830 1848 1853 1879 1902 1915 1987 2017 2022 2051 2059 2121 2145 2147 2175 2296 2298 2318 2346 2372 2394 2438 2450 2494 2543 2577 2593 2627 2640 2673 2680 2708 2720 2725 2762 2763 2807 2817 2898 2929 2930 2939 2968
FAC 1338 : 23 25 40 86 90 145 151 154 170 173 203 212 218 238 240 251 254 364 398 416 427 449 505 524 593 595 623 655 729 756 771 774 904 914 927 959 970 975 1006 1015 1021 1113 1134 1146 1151 1153 1185 1216 1228 1310 1327 1338 1351 1438 1462 1474 1542 1589 1664 1688 1693 1734 1790 1798 1935 1954 1981 1989 2035 2046 2133 2193 2204 2216 2217 2254 2258 2272 2301 2303 2352 2361 2362 2380 2383 2471 2490 2557 2570 2734 2736 2738 2751 2787 2827 2879 2945 2960 2977
FAC 1512 : 49 72 81 88 97 180 206 264 343 373 442 453 479 497 504 537 594 656 673 726 820 878 891 893 916 993 1009 1010 1011 1025 1044 1046 1047 1048 1050 1062 1074 1077 1091 1094 1111 1121 1133 1140 1143 1176 1194 1212 1223 1224 1229 1234 1238 1267 1270 1305 1309 1350 1355 1357 1365 1374 1400 1441 1484 1512 1537 1584 1665 1668 1673 1740 1763 1778 1785 1885 1909 1929 1945 1948 1970 1984 2011 2045 2074 2104 2113 2118 2152 2179 2180 2182 2201 2211 2315 2330 2337 2378 2491 2512 2528 2545 2554 2559 2578 2595 2607 2649 2695 2746 2753 2792 2799 2832 2840 2855 2862 2896 2989
FAC 1680 : 1 11 12 73 76 85 152 191 221 232 435 536 558 562 599 636 657 678 697 699 716 803 815 836 839 897 905 957 964 1041 1049 1052 1069 1073 1092 1127 1131 1161 1177 1178 1187 1198 1312 1323 1325 1330 1385 1393 1401 1447 1467 1471 1533 1570 1580 1583 1585 1590 1615 1680 1685 1702 1710 1721 1730 1739 1823 1833 1893 1908 1971 2001 2066 2096 2108 2154 2186 2247 2250 2273 2280 2295 2336 2365 2397 2398 2405 2425 2435 2515 2524 2589 2619 2630 2656 2675 2676 2686 2714 2715 2728 2733 2752 2773 2836 2841 2870 2875 2884 2888 2928 2946 2951 2969 2979
FAC 1856 : 0 4 16 19 36 51 89 118 147 201 208 256 267 284 285 295 334 335 356 376 388 419 450 451 458 474 499 512 516 529 535 539 545 573 579 582 600 649 658 684 695 696 701 735 760 811 826 885 912 929 933 984 987 1095 1098 1139 1156 1196 1210 1220 1221 1230 1266 1284 1314 1332 1367 1371 1415 1419 1440 1460 1470 1495 1524 1554 1569 1614 1618 1699 1712 1714 1727 1741 1761 1764 1770 1771 1777 1801 1805 1821 1825 1856 1887 1895 1921 1938 1958 1990 1997 2024 2025 2036 2055 2068 2070 2085 2150 2184 2212 2222 2269 2305 2341 2360 2389 2409 2432 2476 2479 2480 2484 2550 2556 2575 2591 2616 2635 2778 2783 2806 2851 2853 2886 2907 2911 2927 2965 2972 2991
FAC 2027 : 5 93 96 108 165 169 188 192 210 216 260 291 307 312 324 351 361 366 377 526 547 598 633 651 654 700 715 721 733 736 823 851 857 871 873 915 922 931 936 938 985 1071 1089 1090 1101 1126 1135 1144 1163 1175 1226 1315 1359 1369 1370 1396 1397 1399 1404 1410 1454 1456 1463 1489 1502 1511 1530 1545 1547 1565 1579 1605 1649 1658 1672 1695 1706 1747 1756 1758 1766 1776 1793 1862 1867 1872 1877 1890 1917 1940 1961 1963 2012 2027 2060 2067 2082 2090 2100 2122 2183 2192 2237 2264 2308 2326 2327 2342 2351 2354 2376 2382 2406 2414 2415 2437 2518 2536 2637 2639 2691 2703 2707 2723 2747 2795 2889 2894 2913 2938 2941 2957 2964
FAC 2198 : 21 38 48 55 94 98 171 179 223 257 270 329 346 347 348 382 387 393 395 410 433 486 498 500 533 552 553 583 609 727 730 741 743 790 794 805 858 876 884 900 958 981 992 1008 1054 1066 1093 1137 1159 1184 1192 1199 1231 1252 1286 1307 1329 1379 1436 1446 1452 1505 1525 1531 1541 1551 1560 1613 1616 1623 1642 1666 1671 1709 1719 1759 1787 1813 1837 1847 1869 1907 1931 1998 2028 2078 2155 2163 2173 2198 2225 2274 2288 2294 2304 2321 2324 2335 2377 2402 2436 2452 2454 2467 2468 2472 2496 2509 2526 2552 2596 2597 2611 2696 2698 2706 2803 2830 2839 2843 2847 2880 2891 2919 2921 2922 2926 2936 2993
FAC 2313 : 7 17 60 65 79 87 116 163 183 193 209 278 288 391 396 397 407 411 418 422 436 473 478 540 581 635 719 732 755 786 863 886 998 999 1000 1012 1022 1042 1078 1097 1109 1132 1271 1278 1285 1291 1376 1422 1430 1433 1490 1496 1563 1564 1578 1581 1600 1601 1608 1631 1635 1643 1691 1707 1788 1912 1959 1982 2003 2047 2072 2116 2138 2176 2195 2210 2252 2278 2313 2322 2345 2358 2391 2420 2502 2507 2541 2604 2615 2648 2742 2779 2788 2820 2831 2845 2852 2858 2860 2899 2937 2956 2984
FAC 2356 : 29 35 80 103 106 107 131 133 227 228 237 261 280 286 297 370 405 431 460 465 472 503 520 523 525 559 569 571 602 603 613 616 641 646 677 683 703 728 769 773 804 829 879 887 889 902 924 955 1007 1026 1040 1123 1204 1206 1218 1243 1245 1257 1258 1287 1313 1336 1360 1375 1382 1395 1408 1457 1458 1464 1486 1487 1491 1494 1520 1561 1576 1593 1609 1610 1617 1628 1653 1655 1662 1669 1677 1731 1732 1752 1754 1784 1795 1827 1855 1882 1924 1952 1953 1972 1999 2042 2052 2084 2123 2172 2189 2271 2332 2347 2356 2403 2441 2453 2475 2513 2516 2538 2569 2579 2622 2682 2739 2755 2769 2770 2793 2800 2802 2818 2835 2842 2867 2982
FAC 2379 : 43 67 115 129 157 172 174 184 205 220 236 266 272 326 385 409 430 462 463 502 642 679 702 713 752 761 762 791 796 824 834 856 861 894 899 996 1002 1103 1130 1154 1155 1169 1239 1249 1261 1281 1288 1335 1343 1411 1427 1432 1476 1521 1571 1575 1598 1636 1647 1676 1679 1711 1735 1780 1791 1811 1824 1839 1849 1878 1946 1951 1960 2015 2016 2020 2058 2088 2091 2111 2125 2132 2136 2139 2141 2170 2185 2187 2194 2208 2220 2221 2236 2242 2268 2285 2287 2289 2290 2312 2340 2359 2379 2388 2451 2478 2493 2500 2510 2511 2530 2567 2581 2584 2594 2621 2623 2642 2663 2740 2819 2829 2863 2871 2874 2892 2910 2940 2948 2963 2971 2976
FAC 2423 : 33 37 44 50 56 63 109 120 128 185 189 200 204 268 279 301 303 304 305 308 336 338 345 365 414 428 477 519 527 530 538 548 628 644 652 660 665 676 698 709 718 738 745 763 800 802 806 814 818 825 835 841 845 862 874 919 950 953 1059 1102 1106 1112 1152 1162 1165 1222 1247 1264 1268 1274 1358 1364 1372 1416 1439 1504 1514 1517 1534 1577 1592 1622 1659 1678 1724 1738 1749 1789 1852 1860 1916 1955 2002 2009 2018 2034 2039 2057 2081 2083 2087 2127 2159 2160 2165 2166 2188 2226 2232 2233 2239 2246 2249 2282 2328 2350 2355 2390 2418 2423 2424 2433 2455 2462 2503 2553 2564 2580 2598 2628 2629 2659 2665 2670 2683 2692 2705 2712 2737 2741 2744 2745 2821 2834 2838 2848 2878 2949 2962
FAC 2719 : 57 69 84 122 123 132 134 177 182 214 242 244 250 262 277 281 294 328 332 363 371 374 379 415 425 456 467 471 534 551 572 587 589 607 653 663 671 685 686 690 706 734 775 853 866 901 909 979 1005 1031 1045 1064 1065 1079 1082 1100 1104 1138 1141 1160 1214 1251 1276 1280 1282 1292 1298 1308 1344 1363 1377 1428 1459 1465 1482 1493 1518 1527 1528 1550 1574 1640 1650 1720 1736 1769 1836 1840 1886 1888 1980 1991 2023 2031 2033 2050 2093 2106 2114 2129 2190 2223 2229 2238 2256 2292 2299 2311 2320 2368 2385 2417 2447 2461 2487 2546 2558 2565 2599 2652 2654 2674 2694 2719 2767 2777 2782 2805 2811 2814 2816 2825 2857 2877 2901 2918 2934 2950
FAC 2729 : 6 14 15 75 117 126 136 155 156 187 226 245 292 323 325 352 386 444 452 468 485 506 532 543 567 585 647 675 680 682 688 725 764 768 780 788 799 808 821 869 908 918 930 946 962 966 977 990 1004 1038 1060 1068 1070 1081 1209 1303 1304 1333 1334 1337 1361 1380 1388 1425 1453 1455 1478 1499 1503 1510 1562 1604 1657 1687 1698 1773 1794 1804 1835 1843 1874 1894 1905 1919 1920 1979 1993 2029 2037 2061 2079 2097 2103 2110 2134 2149 2153 2168 2181 2219 2235 2240 2241 2243 2286 2309 2371 2387 2456 2457 2469 2474 2488 2517 2523 2533 2574 2583 2612 2620 2626 2658 2667 2713 2722 2729 2784 2790 2813 2837 2846 2850 2914 2970 2973 2988
FAC 2765 : 2 8 28 30 45 71 121 194 213 255 269 274 290 317 333 340 360 392 403 448 501 555 560 563 565 568 575 608 611 617 621 622 639 650 668 670 694 710 722 753 777 789 792 810 828 831 892 898 943 947 963 971 972 1013 1016 1017 1023 1028 1032 1056 1116 1142 1188 1201 1205 1248 1300 1317 1318 1322 1326 1331 1347 1349 1366 1383 1406 1407 1437 1445 1466 1472 1497 1532 1539 1633 1644 1663 1684 1715 1716 1723 1751 1818 1858 1865 1871 1875 1896 1901 1904 1964 1974 2021 2030 2157 2177 2191 2206 2213 2261 2276 2277 2300 2317 2343 2348 2413 2442 2485 2501 2506 2527 2535 2540 2585 2600 2603 2609 2610 2617 2641 2653 2664 2671 2687 2702 2709 2735 2754 2765 2775 2826 2828 2859 2864 2882 2885 2915 2931 2953 2954 2980 2992
FAC 2986 : 102 130 138 143 150 153 159 161 199 233 253 259 289 322 434 437 455 470 496 510 531 570 588 626 631 687 691 705 707 708 724 746 754 797 832 844 926 945 961 965 969 978 991 1019 1043 1058 1083 1164 1170 1180 1253 1260 1294 1348 1373 1391 1398 1450 1468 1473 1475 1508 1516 1536 1544 1552 1566 1627 1646 1656 1667 1694 1708 1782 1809 1844 1870 1883 1911 1913 1918 1926 1939 1950 1992 2000 2004 2008 2049 2053 2178 2218 2224 2230 2279 2293 2310 2339 2374 2393 2399 2422 2427 2440 2448 2449 2463 2482 2520 2521 2532 2534 2549 2560 2624 2644 2662 2672 2699 2716 2768 2808 2812 2822 2849 2854 2872 2942 2944 2966 2986 2998
