== PROBLEM ==
# N_FACILITIES: 3000
# N_CLIENTS: 3000
# SIZE_RESTRICTION_MINIMUM: -1
# SIZE_RESTRICTION_MAXIMUM: -1

== RUN DATA ==
# FILTER: BETTER_THAN_ALL_PARENTS (3)
# TARGET_SOLS: 1
# PRECOMP_CLIENT_OPTIMAL_GAIN: 0.000000
# N_THREADS: 4
# SELECT_ONLY_TERMINAL: 1
# LOCAL_SEARCH: SWAP_RESENDE_WERNECK
# LOCAL_SEARCH_BEFORE_SELECT: 1
# LOCAL_SEARCH_REM_MOVEMENT: 1
# LOCAL_SEARCH_ADD_MOVEMENT: 1
# BRANCHING_FACTOR: 8
# BRANCHING_FACTOR_CORRECTION: 1
# PATH_RELINKING: PATH_RELINKING_UNTIL_NO_BETTER
# PATH_RELINKING_LOCAL_SEARCH: SWAP_RESENDE_WERNECK
# RANDOM_SEED: 1621838512
# RESTARTS: 1
# VERBOSE: 0
# BRANCH_AND_BOUND: 0 (deprecated)
# LOWER_BOUND: -1602157.000000 

# REDUCTION: sdbs+:300:mgesum _best:600
# INPUT_FILE: "problems_kmedian_original/3000-100"
# CPU_TIME: 8313.040039
# ELAPSED: 2439.052246
# VIRT_MEM_PEAK_KB: 3494748
# TOTAL_ITERATIONS: 124

== LOCAL SEARCH INFO ==
# LOCAL_SEARCH_CPU_TIME: 2926.460000
# N_LOCAL_SEARCHES: 209409
# AVG_LOCAL_SEARCH_MOVES: 8.440860

== PATH RELINKING INFO ==
# PATH_RELINKING_CPU_TIME: 4730.570000
== FIRST RESTART INFO ==
# FIRST_ITERATIONS: 124
# FIRST_PER_SIZE_SOLS:             1   2400   2396   2400   2400   2400   2397   2398   2395   2399   2394   2388   2390   2392   2385   2378   2373   2369   2366   2364   2370   2358   2348   2332   2310   2305   2294   2296   2275   2278   2251   2252   2237   2199   2200   2191   2161   2137   2151   2118   2101   2081   2061   2045   1976   2006   1983   1917   1921   1837   1865   1802   1801   1733   1751   1697   1704   1620   1617   1579   1561   1521   1485   1438   1387   1356   1314   1313   1285   1238   1195   1194   1175   1089   1126   1049   1020    954    982    915    924    879    858    838    782    771    758    739    664    687    608    627    592    531    536    524    512    466    426    423    409    388    384    370    355    337    326    304    304    264    244    214    186    148    101     75     53     48     35     19      6      2      1      1
# FIRST_PER_SIZE_SOLS_RED:         1    300    300    300    300    300    300    300    300    300    300    300    300    300    300    300    300    300    300    300    300    300    300    300    300    300    300    300    300    300    300    300    300    300    300    300    300    300    300    300    300    300    300    300    300    300    300    300    300    300    300    300    300    300    300    300    300    300    300    300    300    300    300    300    300    300    300    300    300    300    300    300    300    300    300    300    300    300    300    300    300    300    300    300    300    300    300    300    300    300    300    300    300    300    300    300    300    300    300    300    300    300    300    300    300    300    300    300    300    264    244    214    186    148    101     75     53     48     35     19      6      2      1      1
# FIRST_PER_SIZE_LOCAL_OPT:        0      0      0      0      0      0      0      0      0      0      0      0      0      0      0      0      0      0      0      0      0      0      0      0      0      0      0      0      0      0      0      0      0      0      0      0      0      0      0      0      0      0      0      0      0      0      0      0      0      0      0      0      0      0      0      0      0      0      0      0      0      0      0      0      0      0      0      0      0      0      0      0      0      0      0      0      0      0      0      0      0      0      0      0      0      0      0      0      0      0      0      0      0      0      0      0      0      0      0      0      0      0      0      0      0      0      0      0      0      0      0      0      0      0      0      0      0      0      0      0      0      0      0      0

== PER RESTART INFO ==
# RST        0 -1602157.000000 8313.040000

== SOLUTIONS DATA ==
# OUTPUT_SOLUTIONS: 1

== SOLUTION ==
# VALUE: -1602157.000000
# ASSIGNS: 2484 1052 1201 2296 1761 2122 2914 1109 2638 318 1786 2096 1052 1796 2568 2914 1997 436 2914 1997 1392 1192 111 2383 1272 1790 2925 1796 1498 1257 753 1015 1136 2701 350 571 2025 745 2799 1796 2258 1745 2296 1521 414 274 2296 1272 1192 2142 2670 1997 1605 1745 298 1159 745 909 1219 1219 677 1219 2484 745 350 1109 461 1103 2329 1379 1354 1201 2840 1533 1829 2241 2096 1796 165 719 2579 2799 2568 318 1363 1533 1786 2210 2840 2025 2383 2484 748 1605 1192 2484 377 2799 1192 1014 2638 350 589 1257 2925 318 1257 1257 2122 204 1591 111 2638 1219 2329 834 719 2241 2484 2419 745 1201 589 2385 2925 2126 2241 1892 414 679 2399 677 1836 677 2385 1817 318 2375 2399 667 2385 1829 1829 2521 2489 2258 383 1761 1817 461 1782 2258 1533 2422 1790 2988 2914 2594 2594 2200 1686 2521 1829 436 2594 165 2296 383 2329 2375 1786 1159 2594 1015 2384 1829 1272 589 1892 1363 2840 2568 909 436 834 1423 1423 2533 377 204 2131 2329 1605 436 947 723 2484 1829 350 2521 414 2484 1403 2258 204 1521 2840 2329 2025 2210 1605 350 1015 1201 589 667 165 1591 2383 2943 1103 745 2399 1363 1892 1829 2241 2025 2126 318 318 1219 1052 2422 1605 1498 1521 571 1015 667 1790 1219 1482 1498 1482 2950 298 1392 1272 2925 2385 1790 1015 2200 1790 947 512 1192 1015 2422 165 571 589 1015 2840 111 1711 512 2670 947 2936 1403 1521 2786 274 2131 1052 1363 719 204 571 909 298 1219 512 1761 571 461 1109 2200 1142 2376 2988 1817 909 512 748 1257 298 1892 1817 745 1786 204 204 414 2419 2375 204 1015 2375 1392 2376 2925 748 318 859 1201 318 1745 350 2943 1782 2533 2122 318 834 1686 1363 1192 1817 1014 909 753 1761 2025 745 1392 2670 1272 753 350 2385 2578 1354 2670 1379 1192 1159 2484 350 165 2914 1272 318 1136 2025 1392 2943 2385 1142 2122 1498 909 1790 204 1796 2210 2914 1403 1257 1482 1686 2799 1379 1829 1761 377 2419 589 2399 2384 2936 383 1403 2594 2241 1192 2484 2943 2670 719 1201 2936 350 1363 2210 436 2258 2419 1817 298 1219 1201 1423 1257 859 436 2329 2594 1192 1109 667 2296 414 1363 2258 298 436 1761 298 1796 1109 461 2384 909 2943 1790 414 350 1103 2579 2489 2799 2422 2329 436 2422 2131 2670 1014 2384 2578 1498 2533 350 2126 2329 947 1015 1745 1761 2533 2799 2126 2422 1379 1605 1997 2375 677 461 1711 834 298 571 1403 1836 2988 2943 1782 2950 2579 2096 2025 2943 1014 2670 2210 2840 1354 2200 1354 723 2594 2914 1159 1219 1014 461 2943 318 1745 1796 2329 1272 2521 2840 1159 1761 1159 1521 679 677 383 2258 2568 2122 1829 1015 2521 1686 512 1272 1136 2489 512 2568 2484 414 2126 1829 2131 571 1015 571 2376 2670 2399 512 204 2521 2914 1363 909 512 2329 2799 414 1745 436 2701 1892 2533 1136 1761 2943 2375 2670 2329 723 2950 1379 2799 748 1142 2786 2943 2419 2579 947 1605 2329 1142 111 947 1745 2241 947 677 1782 571 909 1761 2384 753 1103 2925 1403 1997 1136 436 1745 2936 350 2988 1136 909 2422 589 461 1817 859 2383 2578 2258 667 1014 2376 1533 512 667 2579 571 2200 1817 2568 2950 274 2936 1796 1201 1219 2579 1829 2419 677 274 1591 2786 1796 1201 274 2383 2131 1014 1782 1136 414 667 111 2399 1423 1796 2701 719 1533 1136 2925 947 1219 2025 1103 1015 2419 1272 2579 2988 2375 512 947 2122 2670 1363 2122 2258 1025 1533 2025 723 204 2638 2943 1363 1745 1423 2701 667 1142 1219 274 909 1219 2840 350 2914 414 677 2096 679 2568 1136 2533 2579 1997 1482 1379 2521 2914 2329 1482 1782 2126 1149 274 512 512 1533 745 2096 2122 2484 1521 571 1892 2399 909 2399 1782 2670 947 2594 2131 1521 859 2122 2096 1817 414 719 1392 165 2638 723 2521 2914 2142 1363 571 2383 1363 2131 2096 2122 1482 1761 377 111 204 350 1392 1159 1219 1363 1272 745 2521 1272 748 2786 318 298 679 753 2521 2210 1790 1392 2701 1015 1761 2594 1103 204 2988 748 383 1136 2568 2579 2638 1015 667 1257 2258 1836 2638 753 111 2638 2385 2568 2701 2375 1354 1686 436 1605 2241 753 2936 834 1201 111 1159 2142 2594 2200 2786 318 414 2925 2670 1533 2579 2799 745 1591 2950 2385 947 1761 298 1686 2701 2329 748 1817 414 1686 2799 2568 1829 2122 1711 1423 512 1817 1201 1257 318 1498 2422 461 834 204 1052 1136 859 1052 1686 2399 1219 2638 1782 204 2786 2568 1015 318 350 377 2489 1836 298 2925 834 2122 1363 859 1052 834 2670 719 1392 1498 1482 1354 1591 2533 1892 2376 1272 377 204 1354 2936 748 2840 2579 2329 2126 1745 2329 1159 1761 719 1257 2131 571 1354 2578 274 2799 679 2296 1103 1052 1142 1711 1363 2950 436 1591 2383 2419 1686 2131 2385 909 1498 111 1761 350 2258 2122 1025 2384 318 2670 2142 1272 377 2384 571 1591 1782 1790 461 2025 2241 377 1521 1745 1403 2489 2122 1014 377 2568 350 1392 748 274 2489 2399 2241 947 1423 1403 414 1014 318 204 1892 2579 2786 1052 2936 1786 318 2521 2533 1201 2701 2422 2988 859 461 2521 2383 947 753 2594 318 2258 2375 2988 2422 1482 2131 1192 748 1817 1761 2375 2200 1761 2943 2638 2568 2521 1782 383 1686 1498 679 1817 1109 436 1109 2594 679 2375 2988 1379 2383 677 1192 2142 1025 2142 1109 753 1014 1015 947 1142 1498 589 1136 2383 1109 753 1403 1025 2579 2914 1201 2200 2399 589 753 350 1521 2419 1786 2568 2533 1403 1257 2096 1109 2399 2578 589 2578 2799 1025 1533 2578 1892 1052 298 2936 1796 753 2638 2422 204 2533 2701 1025 318 1836 909 1363 1817 2533 1533 2241 1605 723 1533 1025 1354 1605 383 719 589 2131 2988 1482 1782 2925 350 2594 2329 667 377 2122 2840 1533 1363 1025 1997 1591 436 1997 1745 1836 2122 745 1103 2385 1149 745 1817 1686 1109 1817 2840 2670 2258 719 2925 274 2594 1136 298 2489 383 111 2126 1392 1817 2122 1533 1829 1817 1745 1052 2096 383 2383 1605 1136 1025 909 1761 2840 2950 1142 2578 165 2489 2258 2122 2943 1149 318 1790 2670 1790 1521 834 1745 298 461 1159 909 1052 204 2122 2521 414 859 1817 461 2594 2399 1686 1149 2296 859 1605 2578 2096 2096 723 2422 2914 1219 1149 1159 2258 2943 2484 274 2200 1423 2399 1192 2210 2578 1745 512 1136 1052 2936 318 1201 2296 1817 2579 753 677 1423 1745 1142 1761 2419 2578 2142 1836 1829 2383 2701 571 1219 1997 1997 414 2142 2142 1014 2376 2419 2383 2578 2025 1192 2786 2638 2799 383 2489 1745 2142 834 1817 1014 667 1257 1103 2126 1354 1423 274 834 1745 1836 1025 2399 2568 2925 2925 1257 677 723 2399 2594 2375 1136 414 461 512 2578 204 461 2578 2210 1272 2142 204 2329 2489 2200 436 1219 1482 1521 909 2131 1761 436 1159 1257 834 1423 859 2096 1379 2925 2200 1892 350 2489 1482 723 2638 2126 1103 2241 2385 2578 165 1379 1482 1025 1790 2384 1052 571 512 1997 318 947 1201 2200 383 1591 1142 1533 1136 1052 1201 1015 1605 1379 2096 947 2484 2988 2914 834 1257 2241 2258 1745 1403 383 2329 834 2385 383 1403 1521 2200 274 2840 2383 1014 859 1354 2578 2638 2578 414 2376 571 2385 383 1363 414 2142 947 1745 111 165 165 1997 414 2399 2799 2579 436 2385 723 1379 2241 2384 571 274 1686 2419 748 1403 2950 1354 165 2200 1392 1533 111 677 2122 2376 2399 2375 1025 1533 2329 1403 1997 1403 1201 753 1257 1403 1796 834 461 1591 2384 512 2670 1686 667 512 2786 2943 1109 1423 1219 2988 2943 1103 1363 1892 719 111 834 719 2142 2131 1192 1142 2258 204 1711 383 318 723 1136 947 1159 1533 111 2142 1782 1605 1192 2988 377 2988 165 571 677 2241 1761 298 2383 377 1257 2950 1142 2329 2399 2210 2484 2096 753 1782 2383 2521 679 350 2241 2419 350 1498 1482 1829 2578 1521 2126 2579 2786 2122 1109 1257 1354 1379 2579 2484 436 1201 1498 2533 1745 461 165 2385 204 1363 2296 2210 2521 1892 2533 2122 2840 1015 1423 2925 2399 414 1482 1149 1257 1521 1403 1423 1761 1159 2489 1379 1836 2638 2122 589 753 1533 2422 461 2489 2840 2419 2638 2925 1363 1790 1817 589 165 2786 2375 1498 1392 1836 1192 2422 111 1761 1786 2568 2489 2126 2786 2799 2025 2568 1109 719 165 2399 1745 748 1761 2096 679 1403 1686 1363 1103 2579 414 436 2376 2096 719 2375 2096 2142 2329 2638 298 111 2258 2096 1591 745 1257 748 1149 1817 1272 679 1272 719 436 2489 1498 1142 1605 1605 859 2096 677 571 1392 1817 1192 512 1052 1192 1257 1745 2399 2200 1498 204 1192 2670 298 298 2399 571 2399 1272 2210 2701 274 2670 677 834 748 383 1014 1482 1015 2936 677 1201 2925 748 679 318 1605 909 111 1829 1257 1498 2126 1782 2914 1605 2670 1272 2375 677 947 1790 2799 2936 2422 383 571 298 2936 1997 2578 461 2375 1711 1257 414 2594 1533 667 298 859 1201 1533 1686 2914 2383 1892 2786 436 2484 2258 2521 377 2200 1591 2241 2484 2701 2489 1052 1014 1219 2329 1605 677 2399 1025 2419 1711 1997 2925 512 753 1201 1014 1817 1192 589 2096 111 1201 745 2126 1591 512 2943 2210 1533 677 677 111 2258 1711 1482 1892 414 2096 2578 1761 2329 298 753 1745 748 2122 2419 745 2385 947 677 1149 571 667 1605 2385 1605 1192 318 1761 2384 2578 2484 723 165 2943 1136 2385 2484 1761 1498 2988 383 2670 1997 1997 2578 1392 2384 318 1782 2126 2126 1025 1786 1363 436 2419 1790 1711 859 1997 1142 1257 1796 1817 2383 2568 2131 1997 1403 1423 2568 1761 859 318 2384 2399 2914 1521 1136 2936 1829 1786 383 1817 1142 111 1354 2484 1796 2096 2594 1745 318 2579 1354 1829 1829 748 1354 2096 1745 2533 1836 2936 1817 834 909 1605 1796 2568 1782 1498 2131 1159 2296 2384 1686 1817 745 2296 1136 2579 512 2384 947 2131 2419 2384 2122 2701 1136 274 2925 1605 2701 2936 2422 947 1997 1149 2568 2638 1686 1997 679 2296 2638 1392 2126 1782 1354 1025 1482 2025 2950 2200 1997 1403 1892 2419 2533 2484 1498 2786 318 2375 1149 947 461 748 753 2950 1498 1159 2419 2142 667 2422 436 2422 350 2296 414 2376 589 2914 2385 1761 2142 1149 1257 2925 2422 318 1817 2578 1817 1363 2943 1272 2943 1786 2131 1521 1761 1782 2376 2943 298 2925 2329 2799 1711 2200 2840 2925 1782 1711 2579 677 1790 414 111 298 2484 1109 679 2376 111 2122 274 2329 1605 2786 2943 1149 2840 1052 571 2384 753 1354 298 2786 723 2914 589 1790 719 2210 2578 1796 2384 461 2131 1790 1745 1836 1782 2988 1136 2399 2142 1997 1379 571 2422 1052 2670 2210 2422 318 2914 748 2200 745 723 383 165 1796 2786 1521 1521 859 204 1136 834 1201 2296 1363 512 2025 1817 377 2936 2988 1201 1379 748 909 414 2383 1761 2568 2384 414 2489 2419 2579 1403 2200 2578 1786 2096 2329 2422 1482 2296 1257 2422 2296 2025 719 2670 1521 2296 2375 2241 2925 1745 1605 1354 2096 165 1997 1014 1711 2399 719 1892 1025 1014 1521 298 1159 318 1498 1423 1605 2670 1257 1997 2126 745 679 1014 2122 1521 2594 1482 111 1149 2096 2533 2489 111 377 1796 2385 2914 383 2375 909 2701 1533 723 2988 834 2131 2578 909 2329 719 2131 2578 2329 667 1892 2122 1257 2329 834 2126 204 1354 2241 2786 2131 834 1015 1142 1149 1103 1014 1109 1521 2914 834 2142 350 1103 461 2329 1829 1149 2914 512 350 2799 2241 719 1363 667 2638 1403 2670 204 1392 2200 1025 723 414 745 2210 2914 2568 1521 2943 2126 1159 1591 1423 2210 274 2422 2578 2840 2988 2142 2122 1997 679 1533 2594 204 1257 1482 274 165 1015 2384 2210 1149 1219 1159 2126 2200 2799 350 1403 1790 2126 2638 2329 834 1136 2210 2578 1761 1142 1498 1103 2258 2258 2521 318 679 834 512 909 2200 1192 2670 2489 1149 1363 589 1686 2670 414 2943 2988 2594 377 2950 414 2950 2241 1103 318 111 2701 2670 2484 1817 414 1052 111 2210 383 1015 2329 589 2375 2258 2786 859 1201 1272 1796 1605 1498 748 2375 834 2484 1219 2126 1790 2096 2936 748 753 1142 1109 2422 2484 1403 414 1521 1745 2594 2533 2594 1159 834 2594 1392 1363 1782 1159 2096 2296 2329 2296 589 1142 1015 1892 1790 1379 1761 2375 748 165 2988 2521 589 1103 1109 2943 2142 1745 274 2296 298 1836 2936 1109 2638 1379 2925 2376 2375 414 2329 2578 1403 677 2786 1892 1379 1533 2799 1521 1782 834 512 2376 1142 2384 1109 461 677 753 2126 745 2376 2258 2489 2376 204 571 2489 2096 2384 1761 1786 1790 318 723 2096 1591 2925 1836 2200 298 2988 859 1014 2521 2375 2376 1379 2840 834 1015 1392 2122 2383 2384 2385 2786 2568 834 512 745 436 318 589 1354 298 298 2419 1533 2399 350 748 1192 2579 1498 1052 1997 1686 2419 2025 1219 1103 1392 947 2122 1605 111 1836 414 2419 2210 1015 2422 414 414 1533 2131 589 2925 2375 2568 2568 2484 745 1149 1533 1159 2376 461 723 748 1257 1201 2943 723 2786 2131 1836 2399 1782 1892 834 2936 2579 1025 204 2914 2914 298 2131 1796 1836 2670 2422 2419 753 1591 1192 2799 2385 1272 2383 1159 318 2241 1257 1745 2126 1745 2025 1761 1892 2399 1354 2484 1142 1014 1836 2988 2489 1015 1025 2925 834 2296 2638 1192 1136 1892 383 679 1142 719 745 1796 2384 947 719 1219 2936 834 679 2578 2579 2126 1533 2579 1142 1605 1817 2521 2521 350 2988 1052 1136 1192 1201 2578 2131 834 1014 589 2533 2422 753 377 350 2579 298 1201 436 1392 1423 1796 2578 909 748 2329 1782 2025 1521 1159 414 2799 2914 1997 1790 1836 2840 2422 2375 1103 318 745 589 1892 679 2568 571 1790 318 1817 2943 2568 1997 2489 1892 2578 2579 1423 2594 1272 2988 1521 1201 1591 2384 1014 1052 1392 2025 1354 1829 2594 1025 1159 1379 204 1482 1142 1745 1403 274 1109 2568 1219 2840 1591 1521 947 2936 318 2489 2638 2210 512 753 1790 1533 2533 1711 571 679 589 2384 2988 1892 745 414 1052 748 1392 2142 2568 1997 1817 1605 2638 2376 1423 1142 679 298 2399 2914 2385 2786 2096 2840 111 2786 589 2638 1836 2375 2096 2925 2988 2419 2384 1014 2422 1103 1142 2670 111 2914 2786 1591 2670 274 2422 859 1482 2096 2329 2131 1219 318 859 723 677 2419 1403 2925 1052 753 1354 1403 753 2122 2670 1354 1482 383 1192 2200 2936 2521 723 2701 753 2122 2786 414 1379 2122 1423 947 298 350 204 2241 1533 1533 2422 667 2384 1482 1829 2329 2385 1605 1403 1423 1796 111 1052 2988 1745 2131 1354 2096 2258 2594 2383 204 1790 1257 679 2701 436 2701 204 204 2840 1605 1354 1149 1796 2258 1533 1025 1201 2126 318 2200 2142 1591 1103 1015 1829 461 1015 1201 2701 1482 1782 677 1257 2131 1591 1052 1136 1142 1403 2950 2025 1109 1219 2489 589 1711 2950 2925 2786 2258 719 2925 2988 2594 2142 2579 1745 1605 2925 2786 1014 2799 2579 1136 571 2936 2200 909 1997 1423 2521 1354 2131 2385 1782 2914 589 1149 1363 461 571 1711 719 204 1782 1219 1892 1482 753 2383 1142 2594 1379 1109 2578 1591 2670 571 2419 2533 1423 1159 2840 1533 677 1159 667 1109 2988 1192 2419 2521 2241 512 719 1761 1782 2799 1591 2950 1109 947 2210 667 1025 679 274 1892 859 677 2200 1591 1052 1521 2422 111 679 2096 2131 1379 414 2258 2936 1817 1142 1015 2096 753 2025 1498 2096 165 1796 1159 1711 859 2122 2701 2578 318 2296 677 748 1836 2594 383 2384 2925 1605 2484 2594 667 1711 512 1498 377 2914 1521 350 2925 1836 1025 2943 2936 1192 1796 1686 2925 1192 2025 2329 461 1423 947 1392 2329 2950 1272 2936 436 1605 1829 2594 2122 2521 2943 589 2258 1533 1790 2384 2701 2950 2096 2701 1201 1142 1354 436 165 2384 1272 1790 1591 745 1521 2122 1761 2521 2638 1423 2096 2988 834 1997 2533 1403 2329 834 2258 111 1052 753 2638 2025 1219 719 2131 2422 383 2988 2799 1686 2484 947 1192 1786 1392 2142 2489 1782 2375
# N_FACS: 107
# INDEXES: 111 165 204 274 298 318 350 377 383 414 436 461 512 571 589 667 677 679 719 723 745 748 753 834 859 909 947 1014 1015 1025 1052 1103 1109 1136 1142 1149 1159 1192 1201 1219 1257 1272 1354 1363 1379 1392 1403 1423 1482 1498 1521 1533 1591 1605 1686 1711 1745 1761 1782 1786 1790 1796 1817 1829 1836 1892 1997 2025 2096 2122 2126 2131 2142 2200 2210 2241 2258 2296 2329 2375 2376 2383 2384 2385 2399 2419 2422 2484 2489 2521 2533 2568 2578 2579 2594 2638 2670 2701 2786 2799 2840 2914 2925 2936 2943 2950 2988 
FAC 111 : 22 111 265 564 630 737 778 793 911 1122 1368 1394 1431 1448 1553 1588 1651 1722 1733 1819 1956 1962 2094 2099 2244 2251 2416 2650 2666 2727 2873 2978
FAC 165 : 78 165 216 260 351 721 1144 1306 1369 1370 1390 1456 1502 1545 1565 1766 2012 2067 2192 2308 2889 2957
FAC 204 : 109 189 204 279 303 304 308 365 530 660 738 763 835 845 874 953 1059 1162 1268 1274 1439 1504 1622 2018 2127 2160 2188 2355 2455 2598 2712 2737 2744 2745 2821
FAC 274 : 45 274 608 617 622 670 694 892 943 1116 1188 1248 1349 1383 1633 1865 1964 2177 2191 2317 2603 2671 2864
FAC 298 : 54 246 282 298 401 417 420 464 751 812 854 1053 1119 1157 1461 1587 1625 1626 1670 1682 1743 1942 1957 1976 2077 2319 2370 2395 2396 2458 2539 2643 2710
FAC 318 : 9 83 105 136 229 230 315 318 325 354 491 750 799 830 849 918 952 960 974 1063 1150 1200 1316 1442 1648 1760 1781 1807 1826 1898 1927 2005 2079 2219 2243 2363 2392 2473 2563 2571 2612 2679 2756 2897
FAC 350 : 34 64 101 198 211 320 341 350 394 429 445 584 674 739 850 913 940 1033 1085 1296 1477 1480 1914 2143 2151 2202 2400 2522 2537 2711 2916
FAC 377 : 96 188 377 736 851 873 922 931 938 1089 1454 1463 1695 2027 2100 2237 2536 2913
FAC 383 : 146 167 383 504 766 993 1077 1121 1133 1235 1320 1341 1345 1362 1441 1638 1668 1774 1816 2011 2104 2253 2499 2695 2903 2987
FAC 414 : 44 128 200 305 414 428 519 538 628 676 718 800 818 950 1165 1222 1264 1358 1364 1372 1517 1577 1678 1738 1916 1955 2034 2039 2165 2233 2239 2249 2282 2328 2418 2423 2424 2553 2629 2705 2878
FAC 436 : 17 163 183 193 397 407 418 436 540 581 786 902 999 1097 1278 1285 1376 1496 1578 1601 1691 1788 1912 2391 2541 2742 2937 2956
FAC 461 : 66 149 287 423 461 489 590 833 928 968 1158 1168 1265 1269 1412 1501 1535 1674 1902 1987 2145 2346 2438 2763 2817 2929
FAC 512 : 256 267 284 295 512 516 529 535 600 649 695 696 826 1196 1266 1314 1415 1419 1614 1714 1727 1856 2024 2150 2222 2341 2389 2616 2851 2911
FAC 571 : 35 237 261 280 286 465 523 525 571 603 703 728 889 924 1218 1313 1360 1382 1457 1610 1628 1669 1754 1972 1999 2356 2569 2622 2802 2818 2835
FAC 589 : 102 122 177 214 262 379 589 1019 1031 1045 1079 1531 1544 1720 1918 1980 2230 2256 2299 2311 2393 2427 2532 2565 2624 2652 2782 2814 2944
FAC 667 : 139 215 239 412 596 601 629 667 772 1088 1242 1418 1681 1755 1910 2120 2156 2717 2844 2861 2909
FAC 677 : 60 131 133 460 503 569 616 677 1007 1206 1258 1395 1458 1609 1635 1643 1662 1707 1731 1732 1752 1953 2332 2347 2682 2769 2842 2867 2899
FAC 679 : 129 502 679 752 894 996 1002 1476 1571 1598 1647 1878 1960 2088 2185 2220 2500 2511 2567 2623 2642 2740 2863 2874
FAC 719 : 79 116 278 391 635 719 863 886 1078 1114 1430 1433 1564 1581 1600 1982 2056 2072 2116 2154 2502 2507 2788 2820 2852 2984
FAC 723 : 195 483 550 659 723 1072 1179 1259 1299 1378 1443 1765 1978 2010 2109 2164 2364 2439 2444 2681 2700
FAC 745 : 37 56 63 120 221 301 336 698 745 806 1102 1106 1592 1724 1749 1852 2009 2087 2166 2350 2390 2433 2503 2564 2628 2962
FAC 748 : 92 296 314 554 748 765 816 877 942 982 1386 1568 1594 1637 1646 1746 1831 1903 2007 2032 2266 2275 2307 2401 2440 2547 2631 2900
FAC 753 : 30 333 340 575 753 777 789 972 1013 1023 1032 1056 1205 1407 1472 1532 1715 1744 1904 1974 2276 2348 2465 2535 2617 2687 2690 2702 2826 2885 2980
FAC 834 : 115 184 326 463 791 834 856 861 1155 1239 1249 1288 1335 1343 1411 1432 1636 1839 2020 2111 2125 2132 2141 2208 2221 2268 2289 2340 2379 2388 2451 2493 2510 2530 2971 2976
FAC 859 : 316 406 592 714 838 859 967 1166 1174 1290 1353 1607 1683 1792 1806 2017 2260 2372 2673 2680 2866 2893
FAC 909 : 57 182 281 294 332 363 425 534 572 587 671 706 909 1065 1138 1160 1282 1650 1840 2033 2106 2114 2223 2546 2805
FAC 947 : 194 255 269 448 560 565 568 639 650 710 810 947 971 1016 1317 1331 1366 1445 1663 1751 1858 1871 1901 2413 2506 2610 2709 2859 2931 2992
FAC 1014 : 99 331 440 476 488 597 625 937 951 1014 1225 1241 1352 1639 1703 1717 2069 2075 2089 2137 2373 2486 2531 2588 2661 2798
FAC 1015 : 31 173 212 238 252 258 263 309 449 509 524 643 759 771 848 1015 1327 1513 1641 2133 2193 2254 2301 2380 2421 2490 2761 2764 2883
FAC 1025 : 656 916 1010 1025 1048 1062 1074 1094 1137 1252 1309 1400 1709 1785 1885 2074 2163 2454 2491 2595 2753 2862 2919
FAC 1052 : 1 12 232 276 836 839 860 897 957 1052 1131 1161 1198 1312 1325 1615 1702 1971 2001 2250 2405 2524 2589 2630 2686 2728 2773 2870 2979
FAC 1103 : 67 220 430 576 642 762 896 1103 1244 1302 1427 1575 2136 2144 2215 2242 2312 2411 2562 2663 2760
FAC 1109 : 7 65 288 411 422 998 1000 1012 1022 1042 1109 1422 1490 1563 1959 2138 2278 2313 2322 2345 2604 2779 2831 2845 2858
FAC 1136 : 32 355 514 544 580 586 627 637 681 767 837 1020 1118 1136 1197 1263 1324 1444 1768 1812 1854 1864 1994 2019 2209 2497 2525 2774 2801
FAC 1142 : 290 360 555 563 668 898 1017 1142 1209 1322 1437 1466 1604 1794 1818 2134 2213 2277 2300 2343 2485 2501 2517 2600 2641 2664 2775 2828 2882 2954
FAC 1149 : 693 1105 1149 1172 1183 1519 1595 1753 1873 1900 1923 1969 2095 2135 2148 2196 2228 2434 2749 2815
FAC 1159 : 55 171 348 486 498 500 741 794 884 1159 1184 1286 1446 1525 1847 1907 2078 2173 2198 2288 2294 2436 2472 2552 2596 2839 2843 2891
FAC 1192 : 21 48 94 98 257 329 347 387 410 981 1008 1192 1231 1436 1452 1551 1613 1616 1623 1719 1759 2225 2402 2467 2496 2526 2696 2847 2922 2926 2993
FAC 1201 : 2 71 121 213 317 392 403 611 621 792 828 963 1028 1201 1318 1326 1406 1497 1644 1684 1716 1723 2021 2030 2261 2442 2527 2540 2585 2754 2765 2953
FAC 1219 : 58 59 61 113 231 241 283 402 487 612 640 669 672 742 842 1182 1219 1279 1424 1704 2197 2270 2410 2508 2606 2678 2780 2823 2983
FAC 1257 : 29 103 106 107 297 370 405 773 829 887 1040 1243 1257 1287 1336 1408 1464 1491 1520 1593 1617 1653 1677 1795 1924 2052 2084 2123 2189 2441 2475 2739 2770
FAC 1272 : 24 47 176 248 339 353 495 513 645 744 747 872 921 1272 1597 1599 1630 1660 1933 2262 2470 2582 2935 2959
FAC 1354 : 70 344 480 482 784 867 875 890 1075 1246 1354 1389 1492 1820 1828 1832 1884 1975 2065 2128 2394 2483 2592 2688 2693 2732 2748 2809 2955
FAC 1363 : 84 179 223 277 328 395 415 533 653 663 727 730 743 858 900 1066 1093 1363 1428 1505 1541 1574 1787 1931 2023 2155 2229 2292 2816
FAC 1379 : 69 346 374 456 552 686 1005 1292 1307 1329 1379 1493 1527 1998 2031 2304 2324 2335 2377 2597 2706 2830 2877
FAC 1392 : 20 247 311 337 357 720 740 757 864 941 1124 1392 1549 1611 1779 1881 2161 2291 2381 2412 2542 2590 2632 2932 2995
FAC 1403 : 202 271 369 384 466 578 934 949 1024 1039 1340 1346 1387 1403 1405 1409 1522 1572 1802 1891 2043 2158 2203 2281 2331 2602 2684 2689 2724 2776 2974
FAC 1423 : 185 186 404 632 665 825 948 1190 1207 1247 1289 1423 1514 1523 1803 2081 2175 2543 2580 2640 2708 2725 2807 2838 2930 2968
FAC 1482 : 242 244 371 685 690 734 866 979 1082 1280 1298 1308 1482 1518 1640 1736 1886 2050 2093 2190 2599 2674 2694 2719 2767 2825
FAC 1498 : 28 235 243 362 443 831 865 910 995 1018 1481 1498 1548 1603 1621 1654 1772 1845 1896 1906 2080 2214 2265 2404 2887 2912
FAC 1521 : 43 205 236 272 501 702 713 932 1034 1154 1281 1347 1485 1521 1811 1937 2015 2016 2058 2076 2091 2139 2170 2283 2338 2551 2584 2609 2871 2915 2963
FAC 1533 : 73 85 152 599 636 657 697 803 1049 1069 1073 1092 1127 1323 1393 1401 1447 1533 1680 1685 1730 2108 2186 2336 2398 2425 2435 2515 2619 2714 2715 2752 2841 2946
FAC 1591 : 110 217 618 807 868 903 925 1096 1321 1413 1591 1697 1726 2174 2366 2466 2586 2608 2669 2759 2772 2833 2856 2869 2961
FAC 1605 : 52 93 192 210 234 457 561 787 1071 1076 1135 1175 1328 1451 1605 1606 1649 1658 1706 1756 1758 1841 1867 1966 2064 2082 2264 2415 2518 2637 2723 2747 2795 2906 2938
FAC 1686 : 160 327 372 511 785 813 819 840 906 994 1108 1171 1384 1417 1573 1686 1850 1876 2231 2407 2924 2990
FAC 1711 : 266 462 824 899 1440 1676 1711 1735 1791 1946 1951 2070 2621 2783 2819 2892 2910
FAC 1745 : 41 53 319 450 492 539 566 582 664 882 933 1099 1130 1156 1195 1208 1237 1250 1339 1367 1500 1567 1618 1745 1825 1834 1990 2063 2284 2316 2476 2478 2601 2730 2794
FAC 1761 : 4 147 285 334 376 419 451 499 545 573 735 760 811 885 912 984 987 1139 1210 1284 1460 1524 1554 1569 1741 1761 1771 1805 1921 1938 2036 2212 2305 2360 2480 2853 2965
FAC 1782 : 150 322 470 570 626 691 708 844 926 992 1083 1450 1473 1656 1782 1844 1883 1939 1950 1992 2293 2339 2449 2549 2768 2812 2822 2854 2998
FAC 1786 : 10 86 170 302 959 1036 1555 1786 1815 1935 2046 2361 2994
FAC 1790 : 25 154 240 251 254 364 427 756 927 1151 1153 1310 1542 1664 1790 1954 1981 1989 2204 2272 2303 2362 2557 2570 2618 2738 2947 2960
FAC 1796 : 13 27 39 77 366 421 493 610 620 633 1055 1410 1796 1822 1842 1985 2013 2101 2263 2460 2504 2544 2726 2750 2890 2923
FAC 1817 : 135 148 293 300 330 400 591 605 717 817 827 983 997 1067 1107 1110 1125 1129 1167 1203 1240 1543 1596 1612 1718 1797 1817 1838 1851 1928 1930 2026 2248 2519 2572 2636 2881
FAC 1829 : 74 141 142 162 175 197 225 375 508 521 614 822 1128 1215 1483 1652 1814 1829 1830 2147 2593 2720 2762 2939
FAC 1836 : 132 467 775 853 1064 1100 1214 1251 1528 1550 1836 1991 2320 2368 2417 2447 2461 2487 2558 2654 2901 2918
FAC 1892 : 127 178 224 299 542 704 870 954 1051 1295 1429 1509 1689 1737 1892 2073 2121 2302 2334 2450 2481 2498 2566 2577 2627 2824 2865
FAC 1997 : 16 19 51 458 579 684 1095 1098 1220 1221 1315 1371 1404 1672 1712 1776 1777 1793 1801 1872 1877 1890 1997 2068 2085 2184 2406 2556 2575 2635 2806 2972
FAC 2025 : 36 89 208 227 335 356 474 641 658 929 1230 1561 1887 2025 2055 2409 2479 2550 2591 2778 2886 2927 2982
FAC 2096 : 11 76 473 678 699 716 732 1041 1132 1177 1178 1291 1330 1471 1570 1580 1583 1590 1608 1721 1739 1823 1833 2047 2066 2096 2273 2295 2358 2365 2648 2656 2675 2733 2875 2884 2888 2951 2969
FAC 2122 : 5 108 324 361 507 651 654 700 715 733 823 857 915 936 1090 1101 1126 1147 1163 1396 1489 1511 1530 1747 1862 1963 2090 2122 2183 2382 2414 2691 2703 2707 2894 2941 2964
FAC 2126 : 125 228 446 454 520 692 881 1123 1245 1301 1486 1558 1655 1725 1783 1784 1882 2086 2126 2172 2199 2205 2271 2349 2477 2514 2755
FAC 2131 : 190 275 438 522 624 712 731 888 907 980 1080 1283 1435 1800 1846 1859 1936 1988 2112 2117 2131 2426 2446 2459 2529 2677 2731 2771 2810 2876 2985
FAC 2142 : 49 726 795 920 1009 1011 1213 1223 1224 1238 1273 1365 1434 1449 1584 1909 1922 1996 2142 2182 2315 2633 2758 2792 2996
FAC 2200 : 159 253 289 481 604 797 986 1029 1189 1277 1294 1319 1348 1391 1620 1696 1889 1947 2008 2044 2162 2200 2224 2369 2697 2757 2804 2868
FAC 2210 : 87 209 367 396 478 755 1193 1271 1469 1507 1631 1729 1983 2003 2167 2176 2195 2210 2252 2420 2615 2860
FAC 2241 : 75 117 126 226 386 567 788 930 946 1070 1303 1337 1380 1459 1478 1698 2061 2129 2153 2241 2474 2713 2850
FAC 2258 : 40 145 151 203 398 416 505 595 655 774 914 975 1113 1146 1185 1338 1438 1589 1693 1734 2216 2217 2258 2352 2734 2751 2787 2879 2945 2977
FAC 2296 : 3 42 46 166 413 895 1173 1202 1506 1848 1853 1879 1915 2022 2051 2054 2059 2296 2298 2318 2494 2898
FAC 2329 : 68 114 168 191 207 408 435 447 494 536 549 562 689 815 880 883 1087 1275 1342 1402 1467 1585 1705 1742 1944 1965 2048 2115 2119 2124 2146 2207 2255 2297 2329 2548 2676 2721 2928 2933 2975
FAC 2375 : 137 169 307 310 459 547 648 783 976 985 1003 1262 1399 1547 1582 1661 1675 1899 2060 2105 2257 2267 2306 2327 2375 2429 2561 2655 2999
FAC 2376 : 291 312 526 598 871 1226 1359 1397 1579 1917 1940 1961 2326 2342 2351 2354 2376 2437 2639
FAC 2383 : 23 90 218 593 623 729 904 970 1006 1021 1134 1216 1228 1351 1462 1474 1688 1798 2035 2383 2471 2736 2827
FAC 2384 : 174 381 424 441 574 917 923 1311 1381 1414 1762 1780 1808 1849 1857 1861 1973 1986 2038 2194 2344 2359 2384 2505 2587 2625 2660 2718 2904 2948 2958
FAC 2385 : 123 134 140 250 342 359 780 809 908 1104 1304 1344 1361 1377 1503 1750 1757 1769 1920 2102 2385 2469 2646 2722 2811
FAC 2399 : 130 138 222 380 528 631 705 707 841 945 1030 1043 1170 1191 1253 1260 1373 1398 1468 1516 1566 1619 1627 1629 1708 1809 1995 2071 2399 2448 2482 2644
FAC 2419 : 119 306 378 399 558 615 644 905 1035 1211 1227 1385 1479 1538 1710 1748 1789 1860 1893 1908 2041 2397 2408 2419 2464 2659 2683 2836 2848
FAC 2422 : 153 233 259 434 437 455 588 832 965 978 1058 1180 1534 1552 1667 1870 1911 1913 1926 2000 2004 2049 2053 2178 2279 2422 2463 2534 2560 2662 2672 2716 2872 2986
FAC 2484 : 0 62 91 95 118 196 201 349 388 518 701 1187 1332 1470 1495 1692 1699 1764 1770 1821 1895 1958 2247 2269 2280 2432 2484 2907 2991
FAC 2489 : 144 432 515 852 935 944 1120 1145 1236 1276 1297 1526 1536 1557 1602 1701 2040 2098 2227 2353 2357 2489 2576 2613 2781 2997
FAC 2521 : 143 161 199 496 510 531 687 724 746 754 961 969 991 1164 1475 1508 1694 2218 2310 2374 2520 2521 2699 2808 2849 2942 2966
FAC 2533 : 187 323 444 452 543 682 869 962 1038 1060 1068 1499 1510 1835 1894 2097 2286 2533 2620 2837 2973
FAC 2568 : 14 82 181 506 517 606 680 768 781 821 847 939 990 1037 1254 1556 1562 1799 1804 1843 1874 2037 2169 2387 2430 2431 2568 2574 2605 2634
FAC 2578 : 343 442 594 891 1044 1046 1050 1143 1176 1194 1212 1229 1267 1270 1305 1355 1357 1484 1673 1740 1763 1778 1929 1984 2045 2113 2118 2179 2211 2330 2512 2528 2545 2578 2832 2896
FAC 2579 : 80 431 472 559 602 613 646 683 769 804 879 955 1026 1204 1375 1487 1494 1576 1827 1855 1952 2042 2403 2453 2513 2516 2538 2579 2793 2800
FAC 2594 : 157 158 164 172 385 409 484 711 761 796 973 1001 1086 1117 1169 1261 1679 1824 2092 2187 2236 2285 2287 2290 2581 2594 2735 2791 2829 2902 2908 2940
FAC 2638 : 8 100 112 661 722 770 776 779 843 989 1057 1233 1300 1356 1529 1539 1586 1875 1880 2157 2206 2323 2495 2614 2638 2653 2967 2981
FAC 2670 : 50 268 338 345 390 439 477 527 548 652 709 802 862 919 1112 1152 1416 1624 1634 1659 1775 2002 2057 2083 2159 2226 2232 2246 2462 2665 2670 2692 2834
FAC 2701 : 33 541 634 666 758 782 814 964 1061 1217 1632 1700 1863 1868 2107 2245 2701 2741 2743 2766 2895 2949 2952
FAC 2786 : 273 556 619 749 798 846 956 1232 1420 1488 1546 1559 1690 1897 1967 1977 2014 2130 2259 2333 2386 2445 2647 2651 2668 2704 2786 2797
FAC 2799 : 38 81 97 373 433 453 537 553 805 820 893 1047 1234 1374 1560 1665 1945 2152 2201 2337 2468 2554 2799 2855 2989
FAC 2840 : 72 88 180 206 264 479 497 673 878 1091 1111 1140 1350 1512 1537 1948 1970 2180 2378 2559 2607 2649 2746 2840
FAC 2914 : 6 15 18 156 352 368 485 532 675 688 725 1027 1181 1334 1657 1687 1810 1919 1979 2006 2103 2140 2149 2168 2456 2457 2555 2645 2667 2813 2914
FAC 2925 : 26 104 124 249 313 577 638 801 855 1084 1115 1255 1256 1293 1515 1540 1645 1713 1866 1925 1943 1949 2062 2325 2367 2428 2492 2657 2685 2785 2789 2796 2905 2917 2925
FAC 2936 : 270 382 393 583 609 790 876 958 1054 1199 1642 1666 1671 1813 1837 1869 2028 2274 2321 2452 2509 2611 2698 2803 2880 2921 2936
FAC 2943 : 219 321 358 389 426 469 475 490 546 557 662 988 1148 1186 1421 1426 1728 1767 1932 1934 1941 1968 2171 2234 2314 2443 2573 2920 2943
FAC 2950 : 245 471 551 607 808 901 1141 1388 1465 1888 1905 2238 2240 2777 2784 2857 2934 2950
FAC 2988 : 155 292 468 585 647 764 966 977 1004 1081 1333 1425 1453 1455 1773 1993 2029 2110 2181 2235 2309 2371 2488 2523 2583 2626 2658 2729 2790 2846 2970 2988
