== PROBLEM ==
# N_FACILITIES: 500
# N_CLIENTS: 500
# SIZE_RESTRICTION_MINIMUM: -1
# SIZE_RESTRICTION_MAXIMUM: -1

== RUN DATA ==
# FILTER: BETTER_THAN_ALL_PARENTS (3)
# TARGET_SOLS: 1
# PRECOMP_CLIENT_OPTIMAL_GAIN: 0.000000
# N_THREADS: 4
# SELECT_ONLY_TERMINAL: 1
# LOCAL_SEARCH: SWAP_RESENDE_WERNECK
# LOCAL_SEARCH_BEFORE_SELECT: 1
# LOCAL_SEARCH_REM_MOVEMENT: 1
# LOCAL_SEARCH_ADD_MOVEMENT: 1
# BRANCHING_FACTOR: 8
# BRANCHING_FACTOR_CORRECTION: 1
# PATH_RELINKING: PATH_RELINKING_UNTIL_NO_BETTER
# PATH_RELINKING_LOCAL_SEARCH: SWAP_RESENDE_WERNECK
# RANDOM_SEED: 1621838551
# RESTARTS: 1
# VERBOSE: 0
# BRANCH_AND_BOUND: 0 (deprecated)
# LOWER_BOUND: -326790.000000 

# REDUCTION: sdbs+:300:mgesum _best:600
# INPUT_FILE: "problems_kmedian_original/500-100"
# CPU_TIME: 182.229996
# ELAPSED: 59.333351
# VIRT_MEM_PEAK_KB: 553288
# TOTAL_ITERATIONS: 76

== LOCAL SEARCH INFO ==
# LOCAL_SEARCH_CPU_TIME: 26.580000
# N_LOCAL_SEARCHES: 71334
# AVG_LOCAL_SEARCH_MOVES: 2.809684

== PATH RELINKING INFO ==
# PATH_RELINKING_CPU_TIME: 103.810000
== FIRST RESTART INFO ==
# FIRST_ITERATIONS: 76
# FIRST_PER_SIZE_SOLS:             1    500   2385   2398   2395   2391   2392   2392   2380   2377   2365   2361   2337   2327   2321   2292   2294   2248   2247   2189   2155   2112   2123   2065   2011   1971   1925   1893   1839   1792   1761   1753   1668   1590   1559   1466   1444   1389   1305   1254   1222   1160   1092   1070   1002    958    884    828    753    739    703    680    632    576    547    556    490    422    478    411    397    356    378    334    340    331    289    269    245    196    125     78     49     21      6      2
# FIRST_PER_SIZE_SOLS_RED:         1    300    300    300    300    300    300    300    300    300    300    300    300    300    300    300    300    300    300    300    300    300    300    300    300    300    300    300    300    300    300    300    300    300    300    300    300    300    300    300    300    300    300    300    300    300    300    300    300    300    300    300    300    300    300    300    300    300    300    300    300    300    300    300    300    300    289    269    245    196    125     78     49     21      6      2
# FIRST_PER_SIZE_LOCAL_OPT:        0      0      0      0      0      0      0      0      0      0      0      0      0      0      0      0      0      0      0      0      0      0      0      0      0      0      0      0      0      0      0      0      0      0      0      0      0      0      0      0      0      0      0      0      0      0      0      0      0      0      0      0      0      0      0      0      0      0      0      0      0      0      0      0      0      0      0      0      0      0      0      0      0      0      0      0

== PER RESTART INFO ==
# RST        0 -326790.000000 182.230000

== SOLUTIONS DATA ==
# OUTPUT_SOLUTIONS: 1

== SOLUTION ==
# VALUE: -326790.000000
# ASSIGNS: 473 73 472 198 490 83 451 7 8 26 350 358 101 350 241 260 400 84 198 478 209 363 385 155 236 478 26 400 103 472 231 367 94 262 138 218 490 451 155 231 309 262 84 459 59 59 73 456 8 84 425 385 52 53 218 437 358 155 425 59 8 325 402 353 451 348 400 53 73 84 363 99 155 73 478 472 52 485 78 406 138 478 485 83 84 385 425 437 348 459 250 400 350 133 94 78 96 250 350 99 130 101 236 103 94 105 103 472 358 218 110 96 325 262 485 53 96 96 400 260 353 400 241 350 99 84 385 7 406 94 130 73 350 133 84 236 490 52 138 73 406 358 451 138 467 358 487 456 260 325 425 348 350 96 198 155 155 358 59 26 7 209 133 406 331 367 353 84 52 309 138 59 262 110 73 99 367 459 406 218 449 53 325 431 472 487 105 130 218 103 335 472 94 459 250 78 78 250 198 262 358 335 350 241 406 325 99 472 425 209 459 472 449 353 110 105 99 26 218 406 487 335 101 473 101 241 105 53 26 402 52 231 231 78 449 490 236 130 73 84 431 241 490 406 7 138 59 241 7 490 250 52 198 350 101 348 99 110 110 406 260 459 262 456 473 459 105 402 52 490 26 250 52 456 325 350 472 472 7 96 231 363 348 487 198 138 84 385 52 52 130 110 367 236 103 350 8 26 52 105 467 96 236 331 363 325 130 96 490 309 425 52 78 353 260 335 53 478 456 456 101 485 406 130 449 325 367 449 459 101 218 331 363 209 209 335 52 367 133 425 94 236 353 456 431 490 138 459 348 353 350 425 260 353 350 260 218 73 358 94 26 138 350 363 353 478 456 367 473 155 367 406 459 218 105 138 385 83 459 353 478 155 94 456 325 385 490 209 472 331 400 402 437 250 133 101 26 250 209 367 400 53 402 250 425 8 406 335 478 73 94 52 209 241 459 218 485 110 309 231 260 133 94 456 99 425 73 110 459 449 431 431 335 133 236 353 198 437 262 52 456 138 260 262 83 385 94 325 105 449 358 451 231 358 385 26 456 456 467 459 105 110 73 467 425 218 331 467 218 53 209 96 472 473 7 241 101 133 478 198 262 487 385 96 130 485 250 487 358 138 490 348 472 385 431 325 331 353 8 425
# N_FACS: 58
# INDEXES: 7 8 26 52 53 59 73 78 83 84 94 96 99 101 103 105 110 130 133 138 155 198 209 218 231 236 241 250 260 262 309 325 331 335 348 350 353 358 363 367 385 400 402 406 425 431 437 449 451 456 459 467 472 473 478 485 487 490 
FAC 7 : 7 127 160 244 248 278 474
FAC 8 : 8 48 60 296 405 498
FAC 26 : 9 26 159 217 228 270 297 360 396 455
FAC 52 : 52 76 137 168 230 251 268 272 288 289 298 311 336 411 439
FAC 53 : 53 67 115 181 227 316 401 469
FAC 59 : 44 45 59 158 171 246
FAC 73 : 1 46 68 73 131 139 174 238 357 409 426 462
FAC 78 : 78 95 195 196 233 312
FAC 83 : 5 83 377 444
FAC 84 : 17 42 49 69 84 125 134 167 239 286
FAC 94 : 32 94 104 129 192 340 359 382 410 422 446
FAC 96 : 96 111 116 117 153 279 301 307 471 483
FAC 99 : 71 99 124 175 206 216 256 424
FAC 101 : 12 101 222 224 254 320 329 395 476
FAC 103 : 28 103 106 189 294
FAC 105 : 105 186 215 226 266 299 374 448 460
FAC 110 : 110 173 214 257 258 291 417 427 461
FAC 130 : 100 130 187 237 290 306 323 484
FAC 133 : 93 133 162 338 394 421 433 477
FAC 138 : 34 80 138 143 170 245 285 346 361 375 441 489
FAC 155 : 23 38 57 72 155 156 369 381
FAC 198 : 3 18 154 198 252 284 436 479
FAC 209 : 20 161 209 333 334 387 398 412 470
FAC 218 : 35 54 109 179 188 218 330 356 373 415 465 468
FAC 231 : 30 39 231 232 280 419 452
FAC 236 : 24 102 135 236 293 302 341 434
FAC 241 : 14 122 203 225 241 247 413 475
FAC 250 : 90 97 194 197 250 271 393 397 403 486
FAC 260 : 15 119 148 260 314 352 355 420 442
FAC 262 : 33 41 113 172 199 262 438 443 480
FAC 309 : 40 169 309 418
FAC 325 : 61 112 149 182 205 274 305 325 384 447 495
FAC 331 : 164 303 331 389 466 496
FAC 335 : 190 201 221 315 335 407 432
FAC 348 : 65 88 151 255 282 348 491
FAC 350 : 10 13 92 98 123 132 152 202 253 275 295 350 354 362
FAC 353 : 63 120 166 213 313 342 349 353 364 379 435 497
FAC 358 : 11 56 108 141 145 157 200 358 450 453 488
FAC 363 : 21 70 281 304 332 363
FAC 367 : 31 165 176 292 326 337 367 370 399
FAC 385 : 22 51 85 126 287 376 385 445 454 482 493
FAC 400 : 16 27 66 91 118 121 390 400
FAC 402 : 62 229 267 391 402
FAC 406 : 79 128 140 163 178 204 219 243 259 322 371 406
FAC 425 : 50 58 86 150 208 310 339 351 404 425 464 499
FAC 431 : 183 240 344 430 431 494
FAC 437 : 55 87 392 437
FAC 449 : 180 212 234 324 327 429 449
FAC 451 : 6 37 64 142 451
FAC 456 : 47 147 263 273 318 319 343 366 383 423 440 456 457
FAC 459 : 43 89 177 193 210 261 265 328 347 372 378 414 428 459
FAC 467 : 144 300 458 463 467
FAC 472 : 2 29 75 107 184 191 207 211 276 277 388 472 492
FAC 473 : 0 223 264 368 473
FAC 478 : 19 25 74 81 317 365 380 408 478
FAC 485 : 77 82 114 321 416 485
FAC 487 : 146 185 220 283 481 487
FAC 490 : 4 36 136 235 242 249 269 308 345 386 490
