== PROBLEM ==
# N_FACILITIES: 500
# N_CLIENTS: 500
# SIZE_RESTRICTION_MINIMUM: -1
# SIZE_RESTRICTION_MAXIMUM: -1

== RUN DATA ==
# FILTER: BETTER_THAN_ALL_PARENTS (3)
# TARGET_SOLS: 1
# PRECOMP_CLIENT_OPTIMAL_GAIN: 0.000000
# N_THREADS: 4
# SELECT_ONLY_TERMINAL: 1
# LOCAL_SEARCH: SWAP_RESENDE_WERNECK
# LOCAL_SEARCH_BEFORE_SELECT: 1
# LOCAL_SEARCH_REM_MOVEMENT: 1
# LOCAL_SEARCH_ADD_MOVEMENT: 1
# BRANCHING_FACTOR: 8
# BRANCHING_FACTOR_CORRECTION: 1
# PATH_RELINKING: PATH_RELINKING_UNTIL_NO_BETTER
# PATH_RELINKING_LOCAL_SEARCH: SWAP_RESENDE_WERNECK
# RANDOM_SEED: 1621838592
# RESTARTS: 1
# VERBOSE: 0
# BRANCH_AND_BOUND: 0 (deprecated)
# LOWER_BOUND: -99169.000000 

# REDUCTION: sdbs+:300:mgesum _best:600
# INPUT_FILE: "problems_kmedian_original/500-1000"
# CPU_TIME: 3613.139893
# ELAPSED: 1327.010498
# VIRT_MEM_PEAK_KB: 814432
# TOTAL_ITERATIONS: 355

== LOCAL SEARCH INFO ==
# LOCAL_SEARCH_CPU_TIME: 60.950000
# N_LOCAL_SEARCHES: 117089
# AVG_LOCAL_SEARCH_MOVES: 1.324804

== PATH RELINKING INFO ==
# PATH_RELINKING_CPU_TIME: 342.270000
== FIRST RESTART INFO ==
# FIRST_ITERATIONS: 355
# FIRST_PER_SIZE_SOLS:             1    500   2390   2400   2399   2400   2399   2400   2397   2398   2398   2399   2394   2399   2398   2399   2399   2397   2398   2396   2395   2395   2398   2395   2387   2396   2392   2384   2391   2393   2382   2387   2390   2381   2385   2386   2376   2385   2378   2370   2380   2368   2361   2369   2367   2382   2358   2375   2364   2357   2347   2366   2355   2356   2348   2351   2350   2351   2338   2346   2339   2350   2315   2328   2323   2318   2313   2308   2312   2329   2298   2281   2287   2286   2298   2291   2291   2274   2285   2281   2254   2255   2268   2249   2268   2236   2239   2259   2232   2233   2228   2222   2224   2188   2218   2212   2202   2179   2206   2190   2152   2167   2170   2179   2154   2137   2170   2119   2137   2106   2135   2126   2099   2131   2104   2095   2091   2107   2100   2087   2060   2045   2074   2054   2069   2050   2056   2041   2016   1974   1972   1996   2020   1952   1996   1966   1990   1946   1960   1952   1968   1892   1957   1952   1933   1917   1917   1905   1919   1857   1892   1882   1872   1862   1851   1831   1857   1822   1817   1786   1814   1798   1797   1819   1791   1776   1791   1797   1740   1786   1702   1773   1734   1752   1712   1712   1685   1735   1687   1690   1659   1659   1652   1640   1634   1635   1666   1644   1631   1615   1585   1593   1624   1581   1537   1568   1592   1596   1577   1573   1528   1543   1549   1504   1526   1523   1516   1511   1495   1465   1490   1436   1468   1422   1410   1427   1456   1433   1456   1395   1347   1396   1356   1393   1340   1377   1396   1354   1352   1320   1331   1299   1300   1284   1305   1270   1260   1257   1229   1250   1256   1232   1218   1193   1222   1171   1205   1142   1185   1149   1166   1149   1114   1128   1113   1133   1112   1102   1096   1116   1071   1098   1065   1028   1069   1016   1045   1017    982    977    991   1002   1000    956    951    980    951    926    950    907    900    939    890    833    863    867    841    843    825    761    790    809    803    754    760    776    763    721    696    699    725    712    713    675    638    660    633    639    656    649    584    574    613    553    599    569    545    558    497    499    468    480    493    461    488    470    443    417    430    438    431    392    416    421    356    345    346    355    319    343    308    295    299    285    239    187    136     93     58     39     19     14      7      4      2
# FIRST_PER_SIZE_SOLS_RED:         1    300    300    300    300    300    300    300    300    300    300    300    300    300    300    300    300    300    300    300    300    300    300    300    300    300    300    300    300    300    300    300    300    300    300    300    300    300    300    300    300    300    300    300    300    300    300    300    300    300    300    300    300    300    300    300    300    300    300    300    300    300    300    300    300    300    300    300    300    300    300    300    300    300    300    300    300    300    300    300    300    300    300    300    300    300    300    300    300    300    300    300    300    300    300    300    300    300    300    300    300    300    300    300    300    300    300    300    300    300    300    300    300    300    300    300    300    300    300    300    300    300    300    300    300    300    300    300    300    300    300    300    300    300    300    300    300    300    300    300    300    300    300    300    300    300    300    300    300    300    300    300    300    300    300    300    300    300    300    300    300    300    300    300    300    300    300    300    300    300    300    300    300    300    300    300    300    300    300    300    300    300    300    300    300    300    300    300    300    300    300    300    300    300    300    300    300    300    300    300    300    300    300    300    300    300    300    300    300    300    300    300    300    300    300    300    300    300    300    300    300    300    300    300    300    300    300    300    300    300    300    300    300    300    300    300    300    300    300    300    300    300    300    300    300    300    300    300    300    300    300    300    300    300    300    300    300    300    300    300    300    300    300    300    300    300    300    300    300    300    300    300    300    300    300    300    300    300    300    300    300    300    300    300    300    300    300    300    300    300    300    300    300    300    300    300    300    300    300    300    300    300    300    300    300    300    300    300    300    300    300    300    300    300    300    300    300    300    300    300    300    300    300    300    300    300    300    300    300    300    300    300    300    300    300    300    300    300    300    300    300    295    299    285    239    187    136     93     58     39     19     14      7      4      2
# FIRST_PER_SIZE_LOCAL_OPT:        0      0      0      0      0      0      0      0      0      0      0      0      0      0      0      0      0      0      0      0      0      0      0      0      0      0      0      0      0      0      0      0      0      0      0      0      0      0      0      0      0      0      0      0      0      0      0      0      0      0      0      0      0      0      0      0      0      0      0      0      0      0      0      0      0      0      0      0      0      0      0      0      0      0      0      0      0      0      0      0      0      0      0      0      0      0      0      0      0      0      0      0      0      0      0      0      0      0      0      0      0      0      0      0      0      0      0      0      0      0      0      0      0      0      0      0      0      0      0      0      0      0      0      0      0      0      0      0      0      0      0      0      0      0      0      0      0      0      0      0      0      0      0      0      0      0      0      0      0      0      0      0      0      0      0      0      0      0      0      0      0      0      0      0      0      0      0      0      0      0      0      0      0      0      0      0      0      0      0      0      0      0      0      0      0      0      0      0      0      0      0      0      0      0      0      0      0      0      0      0      0      0      0      0      0      0      0      0      0      0      0      0      0      0      0      0      0      0      0      0      0      0      0      0      0      0      0      0      0      0      0      0      0      0      0      0      0      0      0      0      0      0      0      0      0      0      0      0      0      0      0      0      0      0      0      0      0      0      0      0      0      0      0      0      0      0      0      0      0      0      0      0      0      0      0      0      0      0      0      0      0      0      0      0      0      0      0      0      0      0      0      0      0      0      0      0      0      0      0      0      0      0      0      0      0      0      0      0      0      0      0      0      0      0      0      0      0      0      0      0      0      0      0      0      0      0      0      0      0      0      0      0      0      0      0      0      0      0      0      0      0      0      0      0      0      0      0      0      0      0      0      0      0      0      0

== PER RESTART INFO ==
# RST        0 -99169.000000 3613.140000

== SOLUTIONS DATA ==
# OUTPUT_SOLUTIONS: 1

== SOLUTION ==
# VALUE: -99169.000000
# ASSIGNS: 0 1 2 198 4 5 6 7 296 9 10 11 222 10 241 314 16 17 18 19 20 21 376 23 24 25 26 27 28 29 30 31 32 33 34 35 36 37 38 39 40 41 42 43 44 45 46 47 296 49 425 51 52 181 179 55 157 57 58 59 60 325 62 63 64 65 16 67 68 69 363 71 72 426 365 75 76 77 312 163 80 408 82 5 167 85 86 87 88 210 90 118 92 93 129 95 96 97 202 71 187 222 102 294 104 105 106 107 108 35 214 111 112 172 114 115 116 117 118 119 120 121 122 123 124 49 126 127 178 129 484 131 92 93 167 236 136 52 138 139 140 453 37 143 144 145 146 263 148 149 425 151 123 96 154 155 156 157 158 159 160 209 162 163 164 326 166 167 411 169 34 171 172 173 68 175 176 265 178 179 449 181 112 183 184 283 374 187 188 189 335 107 192 193 194 95 312 397 198 199 200 201 202 203 204 205 71 207 464 209 210 472 234 213 214 215 216 9 179 219 220 221 222 223 395 225 374 227 228 267 230 231 232 312 234 235 236 237 1 239 240 241 242 204 244 245 246 247 248 249 250 52 252 253 320 255 71 173 258 259 355 414 262 263 264 265 215 267 272 242 270 486 272 273 274 275 276 107 278 221 231 281 282 283 252 285 42 287 30 230 290 427 367 236 294 10 296 297 298 299 458 96 302 303 304 305 484 468 308 169 464 479 312 313 314 315 181 317 318 319 320 321 322 323 324 325 326 234 328 320 373 331 21 333 387 335 230 337 338 203 129 24 342 423 344 36 34 347 348 349 350 425 352 364 202 355 356 426 157 359 360 361 362 363 364 365 47 367 368 369 370 371 372 373 374 361 376 377 43 313 365 381 382 383 384 385 235 387 388 389 121 391 392 393 394 395 455 397 398 399 27 401 402 397 404 405 259 407 408 409 104 411 333 241 414 415 416 417 169 419 420 394 129 423 424 425 426 427 347 429 430 240 335 433 434 435 198 392 438 411 47 441 314 443 444 454 446 305 448 449 157 451 231 453 454 455 423 457 458 414 460 214 1 463 464 465 466 144 468 469 470 471 472 368 474 475 476 477 317 479 480 481 482 117 484 416 486 220 488 489 235 491 75 376 240 149 331 364 498 499
# N_FACS: 334
# INDEXES: 0 1 2 4 5 6 7 9 10 11 16 17 18 19 20 21 23 24 25 26 27 28 29 30 31 32 33 34 35 36 37 38 39 40 41 42 43 44 45 46 47 49 51 52 55 57 58 59 60 62 63 64 65 67 68 69 71 72 75 76 77 80 82 85 86 87 88 90 92 93 95 96 97 102 104 105 106 107 108 111 112 114 115 116 117 118 119 120 121 122 123 124 126 127 129 131 136 138 139 140 143 144 145 146 148 149 151 154 155 156 157 158 159 160 162 163 164 166 167 169 171 172 173 175 176 178 179 181 183 184 187 188 189 192 193 194 198 199 200 201 202 203 204 205 207 209 210 213 214 215 216 219 220 221 222 223 225 227 228 230 231 232 234 235 236 237 239 240 241 242 244 245 246 247 248 249 250 252 253 255 258 259 262 263 264 265 267 270 272 273 274 275 276 278 281 282 283 285 287 290 294 296 297 298 299 302 303 304 305 308 312 313 314 315 317 318 319 320 321 322 323 324 325 326 328 331 333 335 337 338 342 344 347 348 349 350 352 355 356 359 360 361 362 363 364 365 367 368 369 370 371 372 373 374 376 377 381 382 383 384 385 387 388 389 391 392 393 394 395 397 398 399 401 402 404 405 407 408 409 411 414 415 416 417 419 420 423 424 425 426 427 429 430 433 434 435 438 441 443 444 446 448 449 451 453 454 455 457 458 460 463 464 465 466 468 469 470 471 472 474 475 476 477 479 480 481 482 484 486 488 489 491 498 499 
FAC 0 : 0
FAC 1 : 1 238 462
FAC 2 : 2
FAC 4 : 4
FAC 5 : 5 83
FAC 6 : 6
FAC 7 : 7
FAC 9 : 9 217
FAC 10 : 10 13 295
FAC 11 : 11
FAC 16 : 16 66
FAC 17 : 17
FAC 18 : 18
FAC 19 : 19
FAC 20 : 20
FAC 21 : 21 332
FAC 23 : 23
FAC 24 : 24 341
FAC 25 : 25
FAC 26 : 26
FAC 27 : 27 400
FAC 28 : 28
FAC 29 : 29
FAC 30 : 30 288
FAC 31 : 31
FAC 32 : 32
FAC 33 : 33
FAC 34 : 34 170 346
FAC 35 : 35 109
FAC 36 : 36 345
FAC 37 : 37 142
FAC 38 : 38
FAC 39 : 39
FAC 40 : 40
FAC 41 : 41
FAC 42 : 42 286
FAC 43 : 43 378
FAC 44 : 44
FAC 45 : 45
FAC 46 : 46
FAC 47 : 47 366 440
FAC 49 : 49 125
FAC 51 : 51
FAC 52 : 52 137 251
FAC 55 : 55
FAC 57 : 57
FAC 58 : 58
FAC 59 : 59
FAC 60 : 60
FAC 62 : 62
FAC 63 : 63
FAC 64 : 64
FAC 65 : 65
FAC 67 : 67
FAC 68 : 68 174
FAC 69 : 69
FAC 71 : 71 99 206 256
FAC 72 : 72
FAC 75 : 75 492
FAC 76 : 76
FAC 77 : 77
FAC 80 : 80
FAC 82 : 82
FAC 85 : 85
FAC 86 : 86
FAC 87 : 87
FAC 88 : 88
FAC 90 : 90
FAC 92 : 92 132
FAC 93 : 93 133
FAC 95 : 95 195
FAC 96 : 96 153 301
FAC 97 : 97
FAC 102 : 102
FAC 104 : 104 410
FAC 105 : 105
FAC 106 : 106
FAC 107 : 107 191 277
FAC 108 : 108
FAC 111 : 111
FAC 112 : 112 182
FAC 114 : 114
FAC 115 : 115
FAC 116 : 116
FAC 117 : 117 483
FAC 118 : 91 118
FAC 119 : 119
FAC 120 : 120
FAC 121 : 121 390
FAC 122 : 122
FAC 123 : 123 152
FAC 124 : 124
FAC 126 : 126
FAC 127 : 127
FAC 129 : 94 129 340 422
FAC 131 : 131
FAC 136 : 136
FAC 138 : 138
FAC 139 : 139
FAC 140 : 140
FAC 143 : 143
FAC 144 : 144 467
FAC 145 : 145
FAC 146 : 146
FAC 148 : 148
FAC 149 : 149 495
FAC 151 : 151
FAC 154 : 154
FAC 155 : 155
FAC 156 : 156
FAC 157 : 56 157 358 450
FAC 158 : 158
FAC 159 : 159
FAC 160 : 160
FAC 162 : 162
FAC 163 : 79 163
FAC 164 : 164
FAC 166 : 166
FAC 167 : 84 134 167
FAC 169 : 169 309 418
FAC 171 : 171
FAC 172 : 113 172
FAC 173 : 173 257
FAC 175 : 175
FAC 176 : 176
FAC 178 : 128 178
FAC 179 : 54 179 218
FAC 181 : 53 181 316
FAC 183 : 183
FAC 184 : 184
FAC 187 : 100 187
FAC 188 : 188
FAC 189 : 189
FAC 192 : 192
FAC 193 : 193
FAC 194 : 194
FAC 198 : 3 198 436
FAC 199 : 199
FAC 200 : 200
FAC 201 : 201
FAC 202 : 98 202 354
FAC 203 : 203 339
FAC 204 : 204 243
FAC 205 : 205
FAC 207 : 207
FAC 209 : 161 209
FAC 210 : 89 210
FAC 213 : 213
FAC 214 : 110 214 461
FAC 215 : 215 266
FAC 216 : 216
FAC 219 : 219
FAC 220 : 220 487
FAC 221 : 221 279
FAC 222 : 12 101 222
FAC 223 : 223
FAC 225 : 225
FAC 227 : 227
FAC 228 : 228
FAC 230 : 230 289 336
FAC 231 : 231 280 452
FAC 232 : 232
FAC 234 : 212 234 327
FAC 235 : 235 386 490
FAC 236 : 135 236 293
FAC 237 : 237
FAC 239 : 239
FAC 240 : 240 431 494
FAC 241 : 14 241 413
FAC 242 : 242 269
FAC 244 : 244
FAC 245 : 245
FAC 246 : 246
FAC 247 : 247
FAC 248 : 248
FAC 249 : 249
FAC 250 : 250
FAC 252 : 252 284
FAC 253 : 253
FAC 255 : 255
FAC 258 : 258
FAC 259 : 259 406
FAC 262 : 262
FAC 263 : 147 263
FAC 264 : 264
FAC 265 : 177 265
FAC 267 : 229 267
FAC 270 : 270
FAC 272 : 268 272
FAC 273 : 273
FAC 274 : 274
FAC 275 : 275
FAC 276 : 276
FAC 278 : 278
FAC 281 : 281
FAC 282 : 282
FAC 283 : 185 283
FAC 285 : 285
FAC 287 : 287
FAC 290 : 290
FAC 294 : 103 294
FAC 296 : 8 48 296
FAC 297 : 297
FAC 298 : 298
FAC 299 : 299
FAC 302 : 302
FAC 303 : 303
FAC 304 : 304
FAC 305 : 305 447
FAC 308 : 308
FAC 312 : 78 196 233 312
FAC 313 : 313 379
FAC 314 : 15 314 442
FAC 315 : 315
FAC 317 : 317 478
FAC 318 : 318
FAC 319 : 319
FAC 320 : 254 320 329
FAC 321 : 321
FAC 322 : 322
FAC 323 : 323
FAC 324 : 324
FAC 325 : 61 325
FAC 326 : 165 326
FAC 328 : 328
FAC 331 : 331 496
FAC 333 : 333 412
FAC 335 : 190 335 432
FAC 337 : 337
FAC 338 : 338
FAC 342 : 342
FAC 344 : 344
FAC 347 : 347 428
FAC 348 : 348
FAC 349 : 349
FAC 350 : 350
FAC 352 : 352
FAC 355 : 260 355
FAC 356 : 356
FAC 359 : 359
FAC 360 : 360
FAC 361 : 361 375
FAC 362 : 362
FAC 363 : 70 363
FAC 364 : 353 364 497
FAC 365 : 74 365 380
FAC 367 : 292 367
FAC 368 : 368 473
FAC 369 : 369
FAC 370 : 370
FAC 371 : 371
FAC 372 : 372
FAC 373 : 330 373
FAC 374 : 186 226 374
FAC 376 : 22 376 493
FAC 377 : 377
FAC 381 : 381
FAC 382 : 382
FAC 383 : 383
FAC 384 : 384
FAC 385 : 385
FAC 387 : 334 387
FAC 388 : 388
FAC 389 : 389
FAC 391 : 391
FAC 392 : 392 437
FAC 393 : 393
FAC 394 : 394 421
FAC 395 : 224 395
FAC 397 : 197 397 403
FAC 398 : 398
FAC 399 : 399
FAC 401 : 401
FAC 402 : 402
FAC 404 : 404
FAC 405 : 405
FAC 407 : 407
FAC 408 : 81 408
FAC 409 : 409
FAC 411 : 168 411 439
FAC 414 : 261 414 459
FAC 415 : 415
FAC 416 : 416 485
FAC 417 : 417
FAC 419 : 419
FAC 420 : 420
FAC 423 : 343 423 456
FAC 424 : 424
FAC 425 : 50 150 351 425
FAC 426 : 73 357 426
FAC 427 : 291 427
FAC 429 : 429
FAC 430 : 430
FAC 433 : 433
FAC 434 : 434
FAC 435 : 435
FAC 438 : 438
FAC 441 : 441
FAC 443 : 443
FAC 444 : 444
FAC 446 : 446
FAC 448 : 448
FAC 449 : 180 449
FAC 451 : 451
FAC 453 : 141 453
FAC 454 : 445 454
FAC 455 : 396 455
FAC 457 : 457
FAC 458 : 300 458
FAC 460 : 460
FAC 463 : 463
FAC 464 : 208 310 464
FAC 465 : 465
FAC 466 : 466
FAC 468 : 307 468
FAC 469 : 469
FAC 470 : 470
FAC 471 : 471
FAC 472 : 211 472
FAC 474 : 474
FAC 475 : 475
FAC 476 : 476
FAC 477 : 477
FAC 479 : 311 479
FAC 480 : 480
FAC 481 : 481
FAC 482 : 482
FAC 484 : 130 306 484
FAC 486 : 271 486
FAC 488 : 488
FAC 489 : 489
FAC 491 : 491
FAC 498 : 498
FAC 499 : 499
