FILE: problems_kg_tiny/asym_20b-7
20 20 0
1 1222 1233 1647 1168 1320 1886 1991 1622 1250 1988 1353 1071 1311 1860 1808 1763 1480 1340 1524 1425 1586 
2 1499 1071 1689 1768 1695 1753 1799 1721 1503 1690 1944 1737 1337 1113 1057 1224 1104 1680 1475 1093 1034 
3 1546 1404 1895 1354 1168 1376 1695 1692 1801 1281 1191 1873 1971 1960 1568 1725 1759 1290 1229 1449 1235 
4 1966 1787 1348 1024 1012 1453 1705 1487 1546 1740 1033 1951 1636 1388 1119 1012 1083 1812 1814 1365 1003 
5 1687 1336 1963 1255 1062 1722 1546 1291 1172 1781 1258 1959 1130 1283 1971 1583 1989 1459 1130 1729 1492 
6 1081 1365 1881 1201 1378 1964 1013 1192 1329 1017 1879 1666 1981 1135 1729 1704 1682 1020 1876 1463 1279 
7 1835 1594 1562 1807 1177 1551 1266 1308 1281 1759 1390 1647 1640 1591 1025 1605 1605 1218 1935 1622 1097 
8 1602 1603 1233 1331 1307 1915 1352 1184 1379 1631 1020 1973 1193 1827 1151 1745 1094 1459 1027 1854 1849 
9 1675 1495 1441 1701 1101 1046 1919 1036 1669 1017 1639 1273 1250 1970 1581 1166 1322 1765 1545 1953 1785 
10 1519 1147 1613 1670 1893 1708 1130 1921 1562 1980 1596 1058 1421 1297 1159 1468 1216 1196 1137 1234 1835 
11 1410 1484 1805 1991 1651 1127 1757 1197 1081 1542 1716 1229 1156 1387 1122 1864 1517 1043 1427 1497 1640 
12 1485 1919 1937 1645 1387 1154 1841 1524 1388 1676 1935 1873 1481 1927 1525 1609 1685 1722 1691 1227 1438 
13 1920 1384 1826 1043 1248 1344 1087 1676 1842 1727 1161 1761 1665 1806 1148 1820 1648 1673 1208 1324 1609 
14 1082 1806 1537 1607 1415 1222 1329 1107 1450 1768 1027 1834 1595 1071 1083 1939 1158 1759 1781 1886 1921 
15 1542 1551 1728 1691 1371 1376 1365 1580 1700 1974 1662 1506 1512 1270 1922 1734 1599 1029 1184 1368 1057 
16 1019 1963 1128 1102 1903 1287 1861 1684 1173 1783 1227 1725 1511 1919 1097 1887 1284 1678 1588 1259 1341 
17 1094 1772 1611 1017 1506 1211 1046 1691 1580 1104 1710 1543 1233 1812 1447 1520 1674 1131 1694 1457 1359 
18 1420 1968 1278 1518 1856 1563 1196 1444 1823 1537 1539 1595 1149 1556 1102 1360 1603 1793 1940 1708 1503 
19 1484 1941 1315 1931 1461 1990 1063 1156 1447 1422 1576 1415 1701 1094 1272 1265 1291 1716 1088 1829 1255 
20 1684 1978 1812 1786 1338 1416 1579 1279 1124 1083 1764 1065 1399 1696 1527 1389 1759 1683 1836 1182 1260 
