FILE: problems_kg_tiny/asym_20a-10
20 20 0
1 164 1967 1726 1351 1250 1311 1941 1515 1650 1321 1706 1879 1839 1057 1577 1543 1642 1334 1333 1618 1836 
2 141 1158 1855 1443 1139 1176 1784 1410 1914 1445 1056 1881 1171 1408 1132 1482 1350 1648 1133 1671 1355 
3 101 1511 1413 1589 1055 1055 1924 1388 1674 1761 1800 1833 1616 1244 1972 1793 1029 1382 1707 1474 1439 
4 158 1645 1847 1722 1128 1198 1370 1261 1870 1725 1273 1381 1138 1863 1436 1194 1788 1824 1868 1550 1625 
5 170 1166 1869 1674 1960 1898 1057 1667 1372 1497 1256 1018 1345 1978 1146 1543 1349 1408 1413 1074 1682 
6 179 1213 1546 1231 1407 1335 1056 1276 1885 1681 1978 1052 1550 1653 1012 1449 1710 1679 1821 1207 1936 
7 184 1552 1915 1986 1096 1264 1395 1509 1339 1077 1304 1552 1623 1535 1960 1958 1591 1237 1843 1272 1216 
8 189 1823 1869 1908 1272 1579 1588 1094 1787 1524 1934 1340 1440 1921 1436 1704 1316 1946 1044 1394 1250 
9 159 1017 1786 1557 1976 1377 1795 1820 1650 1011 1716 1474 1880 1624 1746 1460 1212 1841 1247 1737 1776 
10 158 1177 1697 1024 1882 1014 1970 1926 1408 1221 1523 1425 1007 1081 1402 1385 1877 1223 1035 1888 1939 
11 150 1769 1564 1256 1229 1777 1098 1477 1515 1874 1065 1693 1571 1090 1575 1585 1061 1502 1993 1282 1026 
12 141 1290 1107 1822 1675 1985 1045 1710 1873 1985 1220 1643 1550 1477 1873 1328 1576 1350 1844 1450 1416 
13 153 1022 1506 1112 1608 1568 1614 1602 1850 1640 1022 1140 1748 1844 1816 1733 1890 1527 1607 1876 1747 
14 125 1426 1225 1124 1755 1801 1475 1599 1252 1891 1136 1274 1398 1249 1882 1966 1864 1485 1817 1505 1507 
15 195 1254 1351 1773 1987 1242 1301 1595 1118 1049 1846 1545 1274 1971 1300 1076 1446 1899 1328 1337 1036 
16 160 1736 1285 1485 1702 1149 1970 1519 1655 1477 1477 1909 1829 1251 1897 1071 1552 1492 1190 1601 1339 
17 173 1876 1311 1035 1952 1757 1935 1280 1095 1971 1883 1831 1256 1369 1534 1406 1339 1053 1062 1817 1531 
18 197 1647 1783 1868 1719 1335 1361 1909 1937 1701 1644 1814 1012 1680 1766 1769 1615 1047 1864 1586 1931 
19 169 1843 1300 1230 1250 1640 1284 1312 1458 1815 1283 1105 1598 1152 1824 1934 1513 1734 1872 1215 1378 
20 168 1227 1059 1453 1997 1674 1501 1862 1261 1432 1558 1104 1733 1788 1355 1373 1072 1667 1831 1888 1951 
