FILE: problems_kg_tiny/asym_30c-9
30 30 0
1 11273 1773 1194 1735 1095 1587 1073 1001 1159 1640 1233 1179 1761 1445 1183 1454 1380 1040 1719 1587 1641 1056 1777 1710 1270 1388 1232 1554 1637 1367 1664 
2 17644 1141 1859 1500 1236 1446 1573 1237 1606 1214 1471 1785 1975 1916 1968 1429 1297 1009 1149 1885 1650 1205 1663 1361 1476 1051 1593 1031 1688 1961 1696 
3 14528 1102 1555 1953 1338 1001 1526 1576 1607 1741 1047 1393 1716 1964 1362 1146 1261 1371 1296 1147 1021 1501 1810 1382 1978 1861 1976 1010 1550 1937 1706 
4 10028 1040 1261 1955 1378 1263 1482 1955 1871 1224 1002 1264 1940 1967 1626 1087 1229 1997 1383 1376 1019 1885 1186 1402 1864 1048 1379 1874 1598 1317 1580 
5 16013 1357 1842 1557 1736 1106 1040 1691 1978 1264 1694 1242 1205 1661 1869 1292 1891 1867 1676 1267 1887 1561 1454 1290 1425 1503 1669 1300 1101 1986 1881 
6 17030 1344 1723 1260 1080 1830 1300 1772 1808 1565 1466 1051 1770 1128 1921 1063 1019 1788 1739 1287 1676 1301 1741 1966 1727 1245 1636 1027 1346 1623 1908 
7 10498 1967 1632 1310 1048 1462 1610 1820 1271 1175 1286 1322 1946 1414 1243 1009 1434 1032 1749 1721 1708 1050 1463 1675 1777 1708 1311 1804 1055 1934 1712 
8 11049 1902 1345 1415 1950 1807 1025 1770 1079 1201 1057 1401 1148 1472 1645 1157 1906 1678 1906 1627 1387 1957 1090 1062 1734 1799 1374 1539 1854 1308 1252 
9 19591 1210 1597 1374 1161 1405 1400 1931 1484 1602 1989 1886 1750 1461 1532 1907 1367 1210 1814 1995 1598 1772 1086 1660 1506 1885 1034 1046 1739 1343 1298 
10 16985 1554 1895 1072 1715 1300 1473 1647 1785 1075 1636 1671 1825 1097 1204 1733 1465 1414 1547 1460 1012 1320 1546 1673 1826 1431 1708 1873 1171 1051 1171 
11 18699 1606 1067 1942 1321 1368 1415 1968 1153 1491 1604 1825 1316 1702 1029 1049 1168 1444 1597 1628 1457 1917 1175 1131 1744 1607 1839 1617 1779 1891 1789 
12 16490 1497 1856 1591 1819 1224 1007 1787 1378 1498 1392 1204 1815 1094 1233 1864 1263 1678 1462 1891 1135 1379 1067 1266 1123 1675 1106 1741 1454 1998 1530 
13 11035 1496 1386 1695 1315 1611 1702 1102 1990 1201 1495 1194 1016 1590 1427 1881 1853 1106 1343 1744 1241 1722 1812 1508 1846 1488 1615 1588 1942 1613 1118 
14 10460 1109 1505 1741 1424 1117 1444 1527 1107 1645 1022 1301 1662 1613 1729 1544 1466 1836 1887 1211 1077 1610 1023 1586 1457 1511 1201 1045 1454 1815 1164 
15 15003 1924 1670 1241 1349 1787 1685 1877 1895 1331 1900 1197 1994 1513 1927 1538 1979 1763 1426 1190 1841 1036 1214 1427 1493 1726 1629 1539 1180 1444 1703 
16 16807 1369 1374 1922 1719 1161 1608 1597 1057 1940 1497 1254 1935 1011 1181 1473 1991 1945 1899 1182 1786 1936 1396 1214 1429 1122 1843 1968 1303 1287 1672 
17 19837 1657 1046 1906 1376 1208 1514 1973 1265 1454 1471 1520 1389 1483 1702 1863 1474 1647 1763 1656 1433 1699 1053 1647 1129 1175 1491 1097 1478 1779 1770 
18 14627 1436 1817 1368 1813 1025 1883 1787 1291 1338 1258 1811 1728 1742 1514 1591 1216 1161 1355 1873 1595 1054 1926 1243 1183 1102 1734 1281 1581 1513 1051 
19 10440 1950 1869 1412 1763 1894 1296 1550 1185 1634 1809 1997 1363 1551 1511 1955 1768 1673 1310 1641 1269 1364 1568 1512 1548 1670 1247 1829 1252 1761 1881 
20 12960 1711 1750 1709 1475 1645 1005 1026 1831 1640 1835 1828 1003 1387 1340 1958 1155 1014 1268 1797 1283 1633 1365 1796 1181 1036 1043 1011 1288 1804 1893 
21 15847 1516 1643 1293 1991 1288 1299 1017 1120 1939 1853 1949 1943 1240 1289 1901 1396 1304 1170 1194 1588 1803 1560 1384 1985 1596 1427 1997 1885 1232 1890 
22 14703 1749 1533 1764 1740 1822 1063 1758 1942 1003 1611 1891 1946 1852 1181 1847 1249 1486 1018 1443 1074 1822 1003 1458 1807 1600 1886 1804 1485 1119 1694 
23 19562 1868 1228 1720 1609 1051 1783 1367 1993 1786 1979 1885 1733 1831 1067 1581 1081 1553 1599 1524 1628 1421 1528 1086 1229 1128 1973 1034 1614 1092 1729 
24 15707 1960 1957 1291 1570 1008 1074 1937 1002 1861 1916 1888 1595 1748 1956 1176 1829 1509 1775 1354 1137 1197 1882 1224 1426 1010 1197 1460 1625 1290 1189 
25 11960 1251 1147 1487 1821 1156 1562 1758 1159 1423 1675 1047 1019 1424 1003 1195 1254 1513 1970 1608 1651 1168 1491 1876 1594 1502 1074 1055 1127 1364 1244 
26 13233 1615 1392 1810 1436 1548 1372 1194 1707 1796 1870 1755 1815 1294 1758 1010 1549 1272 1981 1157 1924 1150 1649 1800 1744 1151 1874 1799 1278 1238 1044 
27 16018 1854 1436 1412 1290 1985 1784 1485 1692 1581 1355 1447 1397 1650 1206 1408 1199 1479 1389 1357 1403 1539 1006 1204 1284 1157 1079 1084 1436 1317 1129 
28 10383 1171 1566 1450 1462 1551 1235 1947 1244 1816 1302 1692 1213 1953 1898 1622 1152 1378 1011 1510 1781 1551 1517 1986 1836 1675 1065 1920 1111 1383 1050 
29 11498 1555 1616 1600 1017 1168 1836 1964 1412 1652 1267 1104 1866 1220 1002 1489 1373 1380 1500 1884 1162 1052 1401 1148 1889 1076 1213 1810 1188 1597 1860 
30 13380 1152 1476 1938 1169 1644 1774 1134 1057 1427 1401 1161 1294 1622 1164 1783 1996 1545 1284 1880 1708 1337 1282 1856 1226 1359 1070 1036 1547 1667 1897 
