FILE: problems_kg_tiny/asym_30a-2
30 30 0
1 127 1769 1414 1016 1179 1312 1710 1733 1125 1415 1221 1459 1556 1334 1741 1761 1722 1432 1409 1373 1270 1116 1925 1856 1943 1420 1924 1567 1471 1879 1644 
2 174 1648 1058 1758 1827 1370 1468 1561 1496 1884 1783 1955 1441 1117 1697 1202 1840 1129 1611 1213 1400 1728 1139 1256 1671 1559 1181 1239 1031 1060 1883 
3 177 1709 1942 1531 1537 1313 1000 1098 1809 1885 1881 1765 1326 1999 1462 1529 1840 1592 1141 1053 1992 1869 1192 1249 1540 1752 1431 1780 1784 1492 1663 
4 155 1201 1606 1090 1739 1919 1091 1838 1729 1977 1720 1494 1304 1720 1957 1833 1560 1549 1974 1613 1542 1844 1806 1792 1384 1559 1223 1165 1344 1716 1829 
5 190 1918 1435 1993 1657 1355 1085 1495 1084 1063 1215 1578 1367 1935 1535 1201 1496 1084 1176 1110 1627 1020 1917 1419 1405 1476 1643 1570 1821 1359 1399 
6 172 1277 1834 1718 1934 1189 1804 1430 1273 1867 1646 1852 1234 1582 1387 1436 1078 1472 1612 1188 1100 1633 1105 1519 1038 1582 1162 1608 1404 1522 1008 
7 112 1799 1843 1847 1734 1032 1652 1165 1306 1519 1811 1159 1754 1394 1546 1190 1473 1019 1803 1662 1119 1436 1768 1639 1475 1350 1802 1083 1755 1324 1092 
8 188 1123 1935 1732 1858 1968 1384 1023 1274 1904 1835 1433 1658 1230 1980 1849 1703 1000 1652 1366 1119 1089 1134 1758 1564 1485 1560 1648 1240 1884 1740 
9 112 1008 1675 1857 1867 1643 1241 1891 1918 1146 1727 1352 1804 1957 1332 1654 1661 1333 1307 1027 1452 1396 1161 1211 1960 1646 1771 1608 1887 1656 1349 
10 101 1665 1024 1869 1533 1668 1110 1424 1586 1257 1151 1938 1062 1109 1271 1716 1770 1604 1023 1798 1057 1419 1960 1268 1380 1606 1040 1989 1493 1697 1338 
11 150 1363 1362 1374 1896 1030 1485 1321 1617 1742 1473 1556 1804 1583 1827 1521 1354 1432 1544 1152 1489 1964 1112 1758 1344 1719 1798 1333 1213 1496 1671 
12 171 1859 1034 1093 1756 1065 1579 1077 1682 1322 1551 1238 1126 1134 1066 1648 1488 1498 1192 1641 1988 1157 1753 1746 1501 1473 1545 1835 1686 1041 1506 
13 140 1901 1541 1498 1657 1606 1078 1735 1289 1400 1287 1527 1527 1421 1594 1175 1910 1093 1368 1551 1081 1525 1305 1828 1026 1778 1374 1861 1464 1416 1368 
14 187 1318 1910 1369 1976 1516 1447 1711 1805 1847 1999 1333 1375 1421 1927 1550 1331 1020 1918 1883 1102 1443 1188 1931 1470 1967 1305 1332 1432 1722 1701 
15 130 1040 1611 1671 1016 1127 1119 1728 1933 1967 1727 1267 1342 1148 1194 1892 1480 1215 1811 1364 1318 1255 1552 1249 1726 1520 1555 1058 1952 1277 1760 
16 125 1318 1371 1927 1334 1499 1046 1062 1432 1014 1790 1700 1356 1939 1895 1249 1419 1111 1061 1783 1429 1317 1336 1679 1043 1857 1235 1102 1809 1513 1862 
17 106 1831 1233 1992 1165 1733 1039 1228 1166 1054 1019 1866 1410 1958 1761 1660 1378 1872 1722 1162 1302 1039 1499 1981 1082 1356 1216 1185 1166 1729 1047 
18 123 1561 1281 1224 1727 1015 1264 1955 1181 1318 1975 1047 1729 1933 1809 1390 1312 1682 1112 1474 1984 1151 1973 1966 1234 1329 1182 1419 1495 1912 1467 
19 172 1473 1748 1951 1200 1763 1215 1156 1945 1534 1131 1993 1263 1065 1802 1653 1377 1484 1766 1852 1469 1917 1825 1435 1151 1155 1618 1571 1651 1531 1038 
20 137 1005 1787 1330 1206 1551 1545 1362 1496 1080 1494 1489 1344 1560 1292 1997 1937 1777 1764 1790 1246 1681 1615 1682 1833 1771 1300 1404 1422 1832 1443 
21 180 1837 1230 1130 1043 1782 1676 1406 1278 1756 1900 1768 1101 1460 1060 1098 1398 1838 1862 1188 1085 1544 1804 1767 1378 1575 1068 1782 1997 1900 1226 
22 179 1738 1456 1929 1781 1239 1605 1187 1517 1362 1088 1286 1463 1549 1346 1562 1947 1185 1425 1136 1270 1970 1941 1038 1348 1516 1106 1131 1514 1007 1357 
23 131 1745 1814 1242 1527 1053 1848 1714 1571 1211 1803 1857 1675 1352 1204 1238 1300 1389 1663 1436 1660 1634 1378 1698 1982 1894 1805 1114 1409 1813 1472 
24 172 1559 1286 1964 1086 1340 1812 1801 1911 1024 1604 1769 1699 1956 1973 1937 1257 1363 1601 1693 1023 1235 1072 1722 1218 1966 1527 1332 1376 1341 1804 
25 109 1900 1091 1063 1987 1431 1876 1788 1343 1900 1393 1112 1599 1350 1086 1536 1607 1449 1137 1301 1473 1373 1373 1195 1591 1340 1723 1924 1716 1064 1728 
26 181 1965 1820 1878 1952 1252 1754 1741 1595 1654 1134 1708 1254 1484 1795 1790 1092 1245 1928 1393 1718 1301 1767 1914 1892 1107 1638 1817 1824 1703 1545 
27 163 1668 1366 1517 1620 1618 1272 1361 1214 1927 1496 1923 1181 1981 1718 1972 1073 1963 1900 1467 1682 1201 1234 1596 1094 1341 1234 1911 1165 1937 1457 
28 180 1606 1824 1322 1226 1442 1594 1588 1657 1521 1084 1580 1703 1065 1298 1675 1139 1262 1575 1606 1944 1777 1840 1540 1872 1182 1775 1784 1348 1713 1241 
29 115 1319 1065 1475 1546 1508 1070 1134 1165 1592 1219 1745 1295 1285 1044 1970 1424 1306 1546 1031 1251 1324 1871 1791 1196 1054 1567 1980 1402 1280 1222 
30 155 1599 1288 1031 1145 1797 1101 1280 1962 1693 1499 1708 1989 1785 1752 1960 1210 1059 1507 1241 1310 1831 1113 1102 1028 1167 1669 1009 1570 1950 1232 
