FILE: problems_kg_tiny/asym_20a-2
20 20 0
1 111 1168 1686 1433 1451 1276 1346 1118 1214 1133 1009 1193 1760 1283 1672 1025 1372 1982 1697 1260 1298 
2 121 1457 1870 1917 1439 1259 1445 1860 1047 1008 1978 1216 1694 1412 1667 1970 1759 1786 1185 1892 1796 
3 137 1653 1079 1051 1679 1452 1033 1376 1713 1331 1590 1170 1202 1507 1609 1462 1953 1470 1510 1961 1448 
4 172 1655 1861 1394 1626 1620 1181 1811 1513 1977 1190 1167 1056 1241 1846 1509 1275 1223 1222 1607 1813 
5 139 1810 1321 1001 1272 1274 1471 1783 1236 1920 1510 1891 1782 1904 1518 1402 1085 1330 1916 1063 1520 
6 108 1120 1762 1930 1629 1038 1153 1851 1645 1967 1243 1456 1288 1245 1729 1563 1717 1512 1799 1638 1022 
7 169 1420 1927 1209 1823 1013 1539 1740 1076 1060 1824 1196 1823 1754 1826 1861 1907 1677 1507 1874 1921 
8 196 1163 1167 1693 1726 1885 1205 1525 1523 1228 1217 1944 1155 1426 1768 1168 1966 1508 1244 1027 1332 
9 144 1851 1087 1268 1713 1994 1945 1220 1869 1867 1184 1032 1034 1878 1759 1919 1083 1285 1443 1311 1502 
10 138 1467 1929 1156 1635 1895 1665 1880 1923 1998 1322 1774 1085 1590 1487 1080 1536 1708 1949 1403 1893 
11 198 1438 1771 1742 1358 1855 1027 1802 1166 1530 1190 1634 1459 1347 1269 1355 1012 1150 1278 1011 1472 
12 105 1097 1062 1540 1177 1599 1248 1127 1002 1141 1110 1441 1912 1852 1800 1767 1880 1602 1934 1410 1792 
13 156 1870 1139 1838 1225 1152 1988 1504 1163 1460 1557 1260 1523 1097 1438 1122 1345 1565 1125 1487 1676 
14 156 1400 1528 1367 1167 1409 1969 1102 1820 1762 1671 1690 1902 1509 1916 1054 1498 1421 1218 1959 1978 
15 147 1482 1076 1917 1605 1422 1483 1731 1909 1159 1298 1309 1688 1665 1477 1097 1635 1579 1918 1397 1251 
16 160 1300 1760 1525 1354 1258 1946 1573 1217 1924 1052 1700 1000 1970 1306 1422 1454 1037 1332 1614 1336 
17 164 1302 1002 1119 1400 1637 1699 1319 1035 1950 1927 1335 1711 1453 1690 1970 1399 1264 1188 1324 1317 
18 188 1325 1287 1195 1748 1742 1233 1080 1356 1570 1723 1659 1572 1842 1060 1210 1541 1379 1246 1492 1307 
19 158 1203 1760 1272 1173 1160 1536 1361 1484 1853 1250 1810 1141 1446 1558 1883 1679 1639 1240 1249 1362 
20 189 1822 1205 1960 1032 1747 1339 1278 1239 1646 1861 1443 1407 1133 1616 1567 1670 1978 1052 1524 1229 
