FILE: problems_kg_tiny/asym_10c-9
10 10 0
1 14350 1624 1948 1065 1274 1408 1442 1263 1147 1059 1900 
2 17479 1119 1943 1481 1796 1555 1886 1452 1219 1815 1337 
3 17460 1409 1897 1694 1554 1813 1705 1488 1334 1140 1112 
4 12821 1205 1387 1690 1647 1651 1838 1707 1551 1586 1827 
5 14956 1068 1624 1050 1954 1076 1270 1769 1414 1016 1179 
6 13120 1710 1733 1125 1415 1221 1459 1556 1334 1741 1761 
7 17222 1432 1409 1373 1270 1116 1925 1856 1943 1420 1924 
8 15677 1471 1879 1644 1741 1648 1058 1758 1827 1370 1468 
9 15612 1496 1884 1783 1955 1441 1117 1697 1202 1840 1129 
10 16116 1213 1400 1728 1139 1256 1671 1559 1181 1239 1031 
