FILE: problems_kg_tiny/asym_30c-5
30 30 0
1 17474 1329 1053 1518 1885 1981 1754 1789 1926 1889 1138 1159 1470 1186 1234 1058 1085 1390 1744 1288 1565 1517 1953 1440 1301 1309 1289 1416 1318 1375 1230 
2 10663 1705 1283 1584 1590 1264 1339 1379 1191 1228 1518 1350 1698 1704 1584 1757 1789 1975 1501 1078 1540 1019 1031 1980 1320 1341 1270 1737 1660 1646 1967 
3 17264 1351 1250 1311 1941 1515 1650 1321 1706 1879 1839 1057 1577 1543 1642 1334 1333 1618 1836 1411 1158 1855 1443 1139 1176 1784 1410 1914 1445 1056 1881 
4 11715 1408 1132 1482 1350 1648 1133 1671 1355 1012 1511 1413 1589 1055 1055 1924 1388 1674 1761 1800 1833 1616 1244 1972 1793 1029 1382 1707 1474 1439 1589 
5 16456 1847 1722 1128 1198 1370 1261 1870 1725 1273 1381 1138 1863 1436 1194 1788 1824 1868 1550 1625 1701 1166 1869 1674 1960 1898 1057 1667 1372 1497 1256 
6 10182 1345 1978 1146 1543 1349 1408 1413 1074 1682 1794 1213 1546 1231 1407 1335 1056 1276 1885 1681 1978 1052 1550 1653 1012 1449 1710 1679 1821 1207 1936 
7 18400 1552 1915 1986 1096 1264 1395 1509 1339 1077 1304 1552 1623 1535 1960 1958 1591 1237 1843 1272 1216 1896 1823 1869 1908 1272 1579 1588 1094 1787 1524 
8 19345 1340 1440 1921 1436 1704 1316 1946 1044 1394 1250 1597 1017 1786 1557 1976 1377 1795 1820 1650 1011 1716 1474 1880 1624 1746 1460 1212 1841 1247 1737 
9 17761 1588 1177 1697 1024 1882 1014 1970 1926 1408 1221 1523 1425 1007 1081 1402 1385 1877 1223 1035 1888 1939 1509 1769 1564 1256 1229 1777 1098 1477 1515 
10 18744 1065 1693 1571 1090 1575 1585 1061 1502 1993 1282 1026 1419 1290 1107 1822 1675 1985 1045 1710 1873 1985 1220 1643 1550 1477 1873 1328 1576 1350 1844 
11 14504 1416 1537 1022 1506 1112 1608 1568 1614 1602 1850 1640 1022 1140 1748 1844 1816 1733 1890 1527 1607 1876 1747 1251 1426 1225 1124 1755 1801 1475 1599 
12 12520 1891 1136 1274 1398 1249 1882 1966 1864 1485 1817 1505 1507 1957 1254 1351 1773 1987 1242 1301 1595 1118 1049 1846 1545 1274 1971 1300 1076 1446 1899 
13 13283 1337 1036 1602 1736 1285 1485 1702 1149 1970 1519 1655 1477 1477 1909 1829 1251 1897 1071 1552 1492 1190 1601 1339 1735 1876 1311 1035 1952 1757 1935 
14 12809 1095 1971 1883 1831 1256 1369 1534 1406 1339 1053 1062 1817 1531 1971 1647 1783 1868 1719 1335 1361 1909 1937 1701 1644 1814 1012 1680 1766 1769 1615 
15 10476 1864 1586 1931 1696 1843 1300 1230 1250 1640 1284 1312 1458 1815 1283 1105 1598 1152 1824 1934 1513 1734 1872 1215 1378 1686 1227 1059 1453 1997 1674 
16 15011 1862 1261 1432 1558 1104 1733 1788 1355 1373 1072 1667 1831 1888 1951 1937 1487 1103 1761 1422 1617 1496 1295 1832 1874 1981 1060 1933 1435 1057 1608 
17 19364 1919 1869 1368 1478 1974 1102 1266 1329 1475 1339 1996 1307 1228 1948 1244 1715 1051 1006 1138 1669 1502 1433 1502 1377 1415 1562 1311 1850 1620 1919 
18 17867 1540 1789 1155 1018 1763 1257 1285 1092 1733 1625 1088 1041 1853 1037 1286 1569 1089 1292 1707 1758 1795 1140 1261 1173 1555 1824 1484 1405 1444 1404 
19 11926 1985 1193 1348 1003 1956 1606 1288 1048 1339 1913 1137 1381 1767 1174 1667 1336 1263 1960 1043 1022 1755 1184 1283 1928 1739 1107 1413 1145 1552 1817 
20 13382 1537 1010 1686 1540 1967 1292 1829 1015 1632 1743 1153 1014 1511 1327 1681 1847 1591 1641 1891 1614 1397 1075 1897 1326 1815 1005 1739 1960 1557 1557 
21 12989 1095 1567 1985 1636 1535 1278 1465 1550 1911 1209 1703 1925 1720 1031 1607 1568 1623 1249 1459 1237 1646 1534 1135 1972 1349 1141 1712 1310 1699 1269 
22 16094 1794 1837 1595 1430 1372 1873 1896 1923 1785 1106 1627 1710 1827 1659 1318 1395 1282 1567 1854 1520 1214 1389 1656 1187 1739 1797 1899 1049 1496 1169 
23 16590 1291 1006 1254 1722 1379 1127 1618 1302 1913 1725 1930 1624 1552 1589 1942 1947 1871 1509 1802 1392 1724 1191 1048 1911 1930 1845 1810 1980 1342 1979 
24 16397 1634 1986 1893 1356 1366 1021 1975 1669 1934 1700 1599 1558 1252 1188 1501 1199 1060 1011 1002 1452 1735 1193 1500 1646 1124 1346 1456 1105 1688 1436 
25 17451 1323 1423 1639 1679 1790 1660 1654 1459 1595 1355 1058 1154 1607 1247 1655 1807 1307 1666 1809 1760 1402 1003 1260 1048 1128 1607 1505 1233 1296 1942 
26 19790 1619 1365 1618 1298 1155 1278 1953 1615 1874 1308 1674 1028 1916 1921 1684 1723 1229 1351 1533 1990 1753 1537 1251 1801 1665 1858 1307 1899 1154 1249 
27 18784 1774 1614 1496 1073 1770 1775 1026 1386 1649 1335 1060 1678 1251 1982 1363 1975 1212 1714 1508 1202 1468 1045 1454 1269 1711 1312 1576 1610 1467 1825 
28 14892 1241 1440 1985 1314 1211 1761 1341 1597 1411 1676 1658 1089 1928 1640 1453 1903 1853 1167 1412 1056 1635 1458 1510 1905 1170 1822 1482 1781 1290 1308 
29 12702 1531 1749 1256 1846 1960 1017 1187 1558 1428 1864 1217 1518 1792 1857 1971 1696 1711 1138 1109 1767 1774 1568 1277 1679 1738 1100 1162 1519 1390 1470 
30 17897 1921 1219 1045 1768 1180 1063 1955 1739 1491 1819 1956 1009 1612 1814 1980 1308 1525 1119 1417 1292 1893 1985 1570 1573 1724 1670 1736 1243 1060 1206 
