FILE: problems_kg_tiny/asym_20a-9
20 20 0
1 121 1116 1635 1210 1493 1253 1793 1780 1592 1756 1076 1792 1528 1792 1675 1603 1540 1766 1030 1399 1888 
2 185 1552 1701 1451 1525 1291 1824 1020 1494 1701 1236 1610 1336 1447 1103 1590 1241 1883 1182 1997 1960 
3 197 1526 1753 1650 1130 1293 1417 1161 1693 1305 1019 1246 1006 1470 1771 1298 1294 1791 1792 1996 1028 
4 140 1332 1476 1506 1923 1717 1390 1105 1715 1350 1080 1242 1103 1730 1373 1397 1147 1534 1091 1453 1553 
5 133 1460 1024 1109 1758 1319 1901 1551 1315 1930 1954 1647 1407 1461 1570 1125 1851 1676 1840 1201 1757 
6 108 1305 1488 1457 1702 1636 1991 1794 1089 1545 1132 1550 1569 1241 1309 1888 1143 1860 1204 1074 1815 
7 185 1481 1276 1423 1606 1127 1099 1447 1329 1856 1530 1634 1345 1987 1337 1981 1979 1132 1070 1524 1264 
8 162 1094 1506 1930 1983 1649 1790 1187 1724 1606 1040 1205 1882 1463 1811 1010 1562 1258 1339 1419 1789 
9 197 1765 1777 1312 1746 1757 1444 1817 1282 1709 1438 1376 1215 1368 1360 1865 1159 1548 1589 1765 1588 
10 179 1648 1051 1606 1658 1614 1865 1998 1034 1655 1972 1800 1432 1285 1546 1189 1730 1363 1471 1439 1802 
11 184 1654 1170 1209 1520 1329 1757 1109 1095 1346 1903 1743 1398 1510 1401 1012 1375 1400 1047 1030 1372 
12 184 1463 1658 1394 1652 1388 1758 1124 1827 1560 1973 1482 1730 1182 1002 1060 1939 1112 1156 1286 1016 
13 189 1684 1526 1301 1697 1901 1701 1744 1932 1074 1592 1395 1732 1987 1048 1121 1745 1173 1949 1305 1146 
14 143 1036 1329 1434 1096 1269 1546 1252 1555 1562 1152 1239 1088 1454 1936 1990 1155 1681 1923 1230 1274 
15 131 1962 1261 1368 1084 1006 1541 1033 1312 1688 1464 1348 1017 1899 1445 1286 1445 1698 1842 1008 1850 
16 108 1096 1305 1018 1087 1460 1700 1011 1691 1974 1330 1653 1236 1698 1737 1243 1239 1771 1555 1928 1235 
17 190 1945 1135 1349 1232 1580 1047 1074 1588 1898 1156 1685 1203 1174 1773 1664 1874 1784 1355 1849 1114 
18 100 1086 1813 1747 1329 1053 1518 1885 1981 1754 1789 1926 1889 1138 1159 1470 1186 1234 1058 1085 1390 
19 174 1288 1565 1517 1953 1440 1301 1309 1289 1416 1318 1375 1230 1066 1705 1283 1584 1590 1264 1339 1379 
20 119 1228 1518 1350 1698 1704 1584 1757 1789 1975 1501 1078 1540 1019 1031 1980 1320 1341 1270 1737 1660 
