FILE: problems_kg_tiny/asym_30c-10
30 30 0
1 18853 1819 1374 1823 1989 1019 1598 1123 1076 1026 1525 1237 1321 1147 1402 1104 1144 1947 1389 1025 1655 1726 1307 1512 1953 1666 1583 1990 1214 1251 1887 
2 10993 1071 1262 1923 1060 1281 1521 1183 1358 1548 1709 1596 1869 1857 1998 1973 1001 1946 1363 1026 1601 1090 1334 1114 1043 1001 1697 1034 1215 1948 1922 
3 13148 1020 1184 1238 1080 1466 1760 1264 1824 1308 1973 1420 1177 1830 1418 1151 1831 1364 1514 1858 1966 1604 1193 1080 1648 1194 1778 1682 1410 1727 1604 
4 17253 1747 1789 1963 1828 1255 1723 1092 1079 1031 1065 1499 1209 1895 1918 1360 1727 1282 1875 1586 1249 1480 1779 1330 1129 1974 1108 1811 1385 1836 1416 
5 11108 1584 1205 1074 1412 1461 1797 1504 1540 1829 1570 1040 1038 1465 1958 1399 1193 1241 1275 1780 1491 1755 1560 1821 1884 1535 1930 1696 1920 1767 1113 
6 10315 1351 1318 1105 1763 1780 1903 1268 1320 1733 1838 1361 1772 1304 1320 1171 1498 1562 1447 1278 1053 1202 1838 1875 1087 1373 1805 1784 1294 1573 1897 
7 13257 1924 1216 1431 1688 1996 1335 1956 1317 1068 1795 1678 1840 1099 1999 1012 1597 1561 1459 1875 1614 1662 1714 1490 1750 1087 1296 1534 1381 1869 1432 
8 17076 1793 1648 1139 1482 1645 1474 1438 1962 1543 1233 1641 1383 1333 1640 1396 1930 1201 1855 1806 1816 1518 1520 1306 1268 1608 1603 1803 1990 1472 1235 
9 16978 1266 1884 1837 1748 1529 1311 1187 1492 1854 1420 1133 1238 1754 1773 1634 1684 1975 1490 1491 1792 1008 1012 1099 1277 1620 1702 1080 1610 1174 1316 
10 13084 1440 1201 1145 1189 1730 1457 1376 1222 1312 1797 1356 1551 1551 1130 1185 1236 1105 1676 1727 1898 1685 1739 1997 1962 1360 1700 1043 1970 1875 1360 
11 12792 1316 1561 1424 1505 1292 1882 1881 1515 1194 1678 1871 1745 1230 1001 1931 1466 1107 1608 1194 1006 1293 1934 1004 1256 1294 1704 1300 1264 1579 1660 
12 15441 1895 1222 1969 1400 1514 1851 1282 1029 1046 1961 1901 1791 1192 1903 1723 1658 1011 1331 1852 1017 1624 1787 1021 1881 1081 1725 1181 1346 1305 1841 
13 18904 1201 1064 1859 1601 1578 1710 1884 1608 1757 1846 1509 1548 1038 1413 1272 1696 1424 1603 1549 1442 1228 1336 1463 1110 1418 1189 1291 1764 1495 1133 
14 16548 1696 1197 1514 1298 1775 1225 1183 1384 1982 1029 1894 1531 1067 1307 1803 1764 1732 1407 1314 1174 1636 1651 1638 1746 1069 1828 1037 1834 1323 1170 
15 14891 1019 1368 1003 1318 1143 1228 1501 1527 1211 1530 1422 1742 1598 1729 1546 1363 1461 1953 1677 1636 1590 1329 1274 1337 1399 1103 1375 1233 1426 1546 
16 17228 1446 1914 1726 1764 1057 1955 1266 1585 1166 1796 1008 1908 1395 1737 1454 1758 1199 1408 1436 1836 1999 1766 1110 1336 1165 1214 1711 1399 1640 1257 
17 11223 1087 1172 1848 1852 1230 1803 1118 1815 1969 1915 1823 1878 1311 1561 1333 1069 1761 1741 1506 1597 1741 1272 1708 1077 1438 1922 1789 1837 1563 1047 
18 19602 1650 1219 1808 1502 1449 1612 1621 1265 1582 1537 1089 1461 1848 1650 1794 1918 1412 1536 1424 1009 1277 1697 1717 1354 1135 1640 1144 1973 1203 1191 
19 19336 1853 1410 1742 1356 1860 1355 1978 1125 1938 1515 1214 1399 1363 1865 1193 1281 1277 1729 1706 1287 1007 1403 1004 1361 1538 1644 1506 1512 1848 1697 
20 14456 1701 1108 1188 1058 1968 1543 1036 1093 1481 1552 1308 1881 1916 1173 1074 1197 1451 1804 1904 1738 1811 1307 1743 1173 1846 1388 1679 1358 1236 1377 
21 18040 1938 1485 1992 1996 1453 1536 1033 1547 1017 1585 1856 1899 1501 1029 1973 1699 1481 1778 1603 1220 1590 1911 1964 1764 1757 1352 1444 1115 1589 1821 
22 19199 1528 1307 1912 1524 1760 1448 1558 1308 1466 1143 1164 1365 1645 1194 1339 1344 1676 1117 1948 1896 1708 1860 1860 1472 1617 1213 1916 1733 1803 1738 
23 16536 1331 1045 1566 1856 1806 1014 1414 1114 1480 1558 1279 1846 1203 1474 1185 1548 1150 1303 1497 1046 1011 1357 1907 1484 1975 1121 1401 1708 1924 1139 
24 13626 1256 1184 1928 1112 1991 1943 1527 1105 1423 1085 1385 1269 1289 1859 1455 1838 1009 1758 1336 1056 1770 1693 1964 1255 1668 1085 1656 1377 1010 1796 
25 17405 1266 1981 1669 1379 1972 1612 1906 1078 1036 1992 1463 1306 1282 1323 1761 1121 1333 1520 1457 1389 1291 1150 1353 1546 1819 1439 1203 1197 1449 1999 
26 19380 1715 1980 1607 1095 1953 1219 1001 1031 1255 1994 1495 1561 1277 1818 1323 1398 1151 1843 1855 1541 1134 1006 1895 1681 1825 1334 1884 1023 1784 1883 
27 19612 1500 1864 1568 1595 1817 1788 1597 1848 1043 1592 1343 1605 1869 1162 1929 1267 1314 1772 1122 1855 1907 1128 1750 1588 1954 1085 1472 1977 1870 1356 
28 19387 1370 1220 1507 1965 1037 1295 1563 1886 1339 1155 1229 1945 1024 1392 1874 1291 1706 1647 1414 1561 1554 1543 1312 1143 1497 1398 1615 1474 1268 1971 
29 14136 1639 1192 1920 1605 1229 1216 1168 1115 1555 1323 1345 1500 1348 1737 1375 1640 1443 1022 1055 1005 1576 1598 1318 1719 1095 1716 1335 1570 1985 1307 
30 19843 1624 1499 1905 1229 1729 1121 1398 1844 1677 1722 1189 1178 1070 1927 1553 1711 1371 1575 1766 1376 1151 1365 1695 1871 1460 1412 1207 1031 1397 1514 
