FILE: problems_kg_tiny/asym_20b-5
20 20 0
1 1876 1788 1343 1900 1393 1112 1599 1350 1086 1536 1607 1449 1137 1301 1473 1373 1373 1195 1591 1340 1723 
2 1924 1716 1064 1728 1815 1965 1820 1878 1952 1252 1754 1741 1595 1654 1134 1708 1254 1484 1795 1790 1092 
3 1245 1928 1393 1718 1301 1767 1914 1892 1107 1638 1817 1824 1703 1545 1639 1668 1366 1517 1620 1618 1272 
4 1361 1214 1927 1496 1923 1181 1981 1718 1972 1073 1963 1900 1467 1682 1201 1234 1596 1094 1341 1234 1911 
5 1165 1937 1457 1804 1606 1824 1322 1226 1442 1594 1588 1657 1521 1084 1580 1703 1065 1298 1675 1139 1262 
6 1575 1606 1944 1777 1840 1540 1872 1182 1775 1784 1348 1713 1241 1153 1319 1065 1475 1546 1508 1070 1134 
7 1165 1592 1219 1745 1295 1285 1044 1970 1424 1306 1546 1031 1251 1324 1871 1791 1196 1054 1567 1980 1402 
8 1280 1222 1555 1599 1288 1031 1145 1797 1101 1280 1962 1693 1499 1708 1989 1785 1752 1960 1210 1059 1507 
9 1241 1310 1831 1113 1102 1028 1167 1669 1009 1570 1950 1232 1125 1550 1521 1157 1696 1318 1258 1977 1280 
10 1952 1477 1989 1942 1262 1741 1902 1472 1801 1410 1714 1111 1241 1827 1214 1270 1994 1884 1280 1565 1834 
11 1512 1690 1385 1033 1847 1082 1351 1106 1059 1632 1059 1536 1621 1001 1798 1363 1904 1271 1164 1314 1985 
12 1276 1556 1812 1491 1827 1807 1375 1107 1372 1210 1620 1063 1596 1653 1911 1678 1005 1018 1737 1638 1077 
13 1273 1260 1079 1072 1623 1983 1343 1788 1297 1328 1065 1854 1141 1556 1681 1948 1932 1788 1321 1142 1408 
14 1385 1738 1062 1296 1417 1068 1314 1154 1707 1392 1427 1967 1471 1499 1591 1454 1842 1380 1752 1171 1445 
15 1606 1312 1002 1288 1261 1934 1077 1582 1077 1486 1967 1816 1549 1264 1233 1617 1579 1388 1325 1972 1815 
16 1292 1443 1315 1883 1898 1158 1263 1650 1329 1709 1257 1642 1712 1546 1903 1647 1623 1486 1725 1109 1454 
17 1541 1659 1719 1775 1276 1298 1163 1601 1270 1979 1894 1714 1294 1778 1612 1452 1042 1263 1782 1751 1521 
18 1424 1464 1067 1328 1111 1691 1815 1836 1801 1269 1378 1460 1988 1154 1737 1287 1317 1339 1558 1297 1233 
19 1272 1591 1012 1885 1044 1054 1149 1827 1806 1670 1251 1270 1738 1580 1382 1430 1395 1218 1231 1664 1597 
20 1692 1653 1751 1430 1941 1069 1769 1499 1366 1003 1772 1958 1015 1658 1003 1070 1807 1830 1876 1478 1082 
