FILE: problems_kg_tiny/asym_30a-4
30 30 0
1 120 1324 1609 1082 1806 1537 1607 1415 1222 1329 1107 1450 1768 1027 1834 1595 1071 1083 1939 1158 1759 1781 1886 1921 1542 1551 1728 1691 1371 1376 1365 
2 158 1700 1974 1662 1506 1512 1270 1922 1734 1599 1029 1184 1368 1057 1019 1963 1128 1102 1903 1287 1861 1684 1173 1783 1227 1725 1511 1919 1097 1887 1284 
3 167 1588 1259 1341 1094 1772 1611 1017 1506 1211 1046 1691 1580 1104 1710 1543 1233 1812 1447 1520 1674 1131 1694 1457 1359 1420 1968 1278 1518 1856 1563 
4 119 1444 1823 1537 1539 1595 1149 1556 1102 1360 1603 1793 1940 1708 1503 1484 1941 1315 1931 1461 1990 1063 1156 1447 1422 1576 1415 1701 1094 1272 1265 
5 129 1716 1088 1829 1255 1684 1978 1812 1786 1338 1416 1579 1279 1124 1083 1764 1065 1399 1696 1527 1389 1759 1683 1836 1182 1260 1252 1883 1355 1524 1149 
6 164 1240 1237 1476 1496 1922 1454 1309 1709 1793 1725 1288 1073 1850 1372 1837 1915 1771 1533 1443 1160 1292 1127 1996 1475 1388 1248 1358 1743 1773 1507 
7 139 1013 1745 1867 1510 1668 1321 1820 1377 1115 1545 1666 1188 1396 1038 1025 1311 1809 1558 1755 1969 1851 1882 1966 1326 1270 1214 1685 1014 1988 1193 
8 140 1002 1939 1273 1512 1607 1595 1332 1985 1710 1878 1651 1899 1274 1689 1924 1586 1499 1483 1341 1468 1335 1224 1435 1662 1495 1650 1347 1510 1638 1541 
9 191 1640 1480 1189 1152 1088 1784 1485 1073 1495 1364 1725 1394 1638 1415 1319 1225 1914 1803 1567 1383 1138 1791 1818 1800 1286 1468 1148 1797 1106 1689 
10 171 1747 1170 1902 1899 1259 1687 1385 1332 1182 1749 1058 1577 1388 1473 1896 1614 1388 1699 1181 1771 1837 1973 1590 1638 1260 1059 1787 1057 1166 1477 
11 177 1913 1647 1672 1813 1906 1359 1199 1239 1541 1948 1298 1118 1337 1771 1015 1951 1159 1714 1133 1931 1552 1106 1522 1191 1366 1581 1978 1423 1748 1455 
12 119 1661 1103 1866 1475 1010 1225 1674 1250 1767 1623 1548 1886 1961 1319 1901 1912 1479 1616 1046 1411 1168 1152 1934 1359 1519 1516 1338 1942 1264 1793 
13 113 1926 1896 1002 1401 1907 1228 1076 1157 1995 1700 1705 1882 1661 1025 1783 1574 1505 1400 1620 1917 1568 1772 1851 1928 1291 1367 1267 1234 1632 1060 
14 137 1558 1957 1373 1960 1865 1601 1037 1022 1597 1737 1728 1479 1398 1754 1263 1972 1259 1663 1593 1177 1232 1366 1028 1161 1657 1396 1428 1892 1028 1489 
15 126 1586 1447 1637 1547 1312 1238 1584 1334 1836 1321 1063 1315 1720 1817 1579 1693 1076 1242 1286 1253 1475 1652 1282 1636 1310 1678 1065 1202 1706 1554 
16 146 1293 1001 1103 1840 1314 1342 1425 1648 1178 1747 1711 1494 1467 1529 1073 1160 1605 1316 1447 1859 1791 1099 1142 1428 1409 1820 1493 1612 1527 1048 
17 107 1820 1050 1182 1661 1364 1525 1086 1013 1704 1834 1725 1198 1301 1254 1272 1462 1860 1588 1910 1719 1380 1009 1861 1809 1419 1682 1302 1032 1209 1351 
18 111 1029 1401 1293 1691 1765 1819 1777 1779 1523 1611 1504 1721 1913 1758 1993 1376 1618 1582 1286 1338 1963 1296 1200 1772 1715 1882 1075 1748 1091 1426 
19 185 1121 1827 1153 1812 1593 1972 1590 1372 1495 1202 1876 1216 1116 1635 1210 1493 1253 1793 1780 1592 1756 1076 1792 1528 1792 1675 1603 1540 1766 1030 
20 139 1888 1857 1552 1701 1451 1525 1291 1824 1020 1494 1701 1236 1610 1336 1447 1103 1590 1241 1883 1182 1997 1960 1975 1526 1753 1650 1130 1293 1417 1161 
21 169 1305 1019 1246 1006 1470 1771 1298 1294 1791 1792 1996 1028 1402 1332 1476 1506 1923 1717 1390 1105 1715 1350 1080 1242 1103 1730 1373 1397 1147 1534 
22 109 1453 1553 1337 1460 1024 1109 1758 1319 1901 1551 1315 1930 1954 1647 1407 1461 1570 1125 1851 1676 1840 1201 1757 1083 1305 1488 1457 1702 1636 1991 
23 179 1089 1545 1132 1550 1569 1241 1309 1888 1143 1860 1204 1074 1815 1852 1481 1276 1423 1606 1127 1099 1447 1329 1856 1530 1634 1345 1987 1337 1981 1979 
24 113 1070 1524 1264 1621 1094 1506 1930 1983 1649 1790 1187 1724 1606 1040 1205 1882 1463 1811 1010 1562 1258 1339 1419 1789 1974 1765 1777 1312 1746 1757 
25 144 1817 1282 1709 1438 1376 1215 1368 1360 1865 1159 1548 1589 1765 1588 1794 1648 1051 1606 1658 1614 1865 1998 1034 1655 1972 1800 1432 1285 1546 1189 
26 173 1363 1471 1439 1802 1848 1654 1170 1209 1520 1329 1757 1109 1095 1346 1903 1743 1398 1510 1401 1012 1375 1400 1047 1030 1372 1847 1463 1658 1394 1652 
27 138 1758 1124 1827 1560 1973 1482 1730 1182 1002 1060 1939 1112 1156 1286 1016 1899 1684 1526 1301 1697 1901 1701 1744 1932 1074 1592 1395 1732 1987 1048 
28 112 1745 1173 1949 1305 1146 1431 1036 1329 1434 1096 1269 1546 1252 1555 1562 1152 1239 1088 1454 1936 1990 1155 1681 1923 1230 1274 1319 1962 1261 1368 
29 108 1006 1541 1033 1312 1688 1464 1348 1017 1899 1445 1286 1445 1698 1842 1008 1850 1081 1096 1305 1018 1087 1460 1700 1011 1691 1974 1330 1653 1236 1698 
30 173 1243 1239 1771 1555 1928 1235 1904 1945 1135 1349 1232 1580 1047 1074 1588 1898 1156 1685 1203 1174 1773 1664 1874 1784 1355 1849 1114 1009 1086 1813 
