FILE: problems_kg_tiny/asym_20a-6
20 20 0
1 114 1216 1662 1529 1646 1058 1748 1878 1723 1345 1571 1376 1096 1001 1317 1165 1770 1817 1532 1774 1590 
2 149 1790 1248 1493 1860 1055 1324 1737 1533 1406 1884 1750 1069 1414 1397 1127 1162 1275 1850 1508 1847 
3 122 1605 1848 1544 1771 1619 1362 1303 1393 1952 1794 1183 1200 1288 1044 1256 1612 1781 1789 1018 1665 
4 153 1087 1080 1936 1215 1243 1212 1065 1751 1060 1292 1356 1908 1837 1128 1528 1199 1431 1922 1152 1226 
5 110 1353 1514 1150 1609 1127 1931 1399 1145 1597 1939 1233 1677 1876 1448 1920 1089 1514 1671 1149 1806 
6 102 1058 1643 1156 1586 1843 1588 1508 1996 1814 1614 1349 1329 1764 1959 1456 1696 1359 1602 1293 1298 
7 183 1970 1174 1284 1890 1264 1799 1562 1413 1605 1591 1471 1249 1747 1058 1093 1335 1566 1089 1150 1181 
8 143 1479 1946 1399 1935 1642 1758 1538 1935 1057 1374 1905 1232 1658 1796 1496 1458 1359 1910 1063 1950 
9 138 1313 1698 1440 1406 1034 1007 1496 1184 1188 1936 1664 1135 1335 1600 1777 1094 1138 1712 1151 1512 
10 161 1384 1171 1415 1880 1629 1775 1790 1693 1725 1172 1006 1423 1613 1413 1457 1620 1909 1642 1809 1846 
11 130 1944 1182 1906 1722 1276 1045 1435 1428 1557 1054 1812 1729 1469 1693 1358 1244 1483 1051 1970 1656 
12 105 1393 1270 1471 1851 1890 1381 1493 1700 1227 1800 1644 1409 1707 1367 1686 1752 1802 1114 1310 1856 
13 192 1039 1325 1620 1398 1570 1104 1449 1540 1761 1507 1934 1031 1979 1786 1922 1360 1279 1622 1587 1079 
14 126 1997 1787 1634 1683 1539 1436 1798 1849 1292 1725 1889 1618 1346 1287 1189 1450 1737 1730 1212 1245 
15 166 1243 1224 1450 1166 1584 1730 1788 1172 1810 1055 1169 1597 1690 1853 1137 1126 1651 1987 1419 1377 
16 187 1038 1724 1163 1227 1175 1901 1957 1387 1146 1622 1631 1370 1073 1797 1955 1803 1586 1127 1614 1642 
17 129 1211 1332 1151 1348 1459 1802 1335 1879 1180 1212 1917 1904 1376 1144 1079 1277 1102 1467 1423 1725 
18 109 1794 1798 1896 1749 1602 1482 1877 1216 1124 1174 1427 1456 1325 1776 1916 1128 1112 1795 1309 1324 
19 171 1214 1701 1857 1294 1978 1960 1761 1402 1685 1860 1196 1484 1756 1945 1086 1239 1822 1302 1363 1997 
20 173 1820 1322 1507 1737 1451 1619 1532 1760 1944 1245 1975 1645 1103 1269 1624 1064 1030 1026 1749 1891 
