FILE: problems_kg_tiny/asym_10a-4
10 10 0
1 136 1919 1378 1977 1483 1881 1276 1838 1692 1966 1159 
2 145 1797 1433 1329 1768 1981 1176 1439 1509 1250 1339 
3 147 1559 1639 1653 1582 1209 1257 1982 1088 1619 1901 
4 146 1597 1384 1348 1873 1223 1040 1840 1382 1500 1637 
5 181 1830 1406 1798 1006 1845 1308 1256 1185 1786 1816 
6 182 1439 1398 1034 1696 1381 1123 1315 1282 1590 1912 
7 166 1938 1786 1890 1978 1627 1273 1479 1265 1089 1309 
8 167 1888 1315 1517 1196 1572 1702 1982 1388 1528 1421 
9 178 1562 1117 1168 1686 1433 1451 1276 1346 1118 1214 
10 113 1009 1193 1760 1283 1672 1025 1372 1982 1697 1260 
