FILE: problems_kg_tiny/asym_20c-1
20 20 0
1 16069 1655 1182 1748 1437 1605 1670 1002 1327 1031 1538 1532 1459 1690 1292 1621 1499 1557 1464 1773 1555 
2 17101 1893 1558 1985 1805 1641 1741 1813 1644 1354 1420 1299 1536 1168 1737 1141 1839 1740 1469 1871 1278 
3 10021 1330 1969 1294 1952 1468 1852 1417 1241 1408 1127 1135 1966 1113 1941 1607 1854 1754 1251 1208 1174 
4 15513 1745 1343 1288 1887 1183 1028 1356 1054 1307 1358 1385 1276 1653 1338 1745 1505 1755 1987 1914 1883 
5 11222 1880 1996 1063 1487 1850 1817 1739 1059 1992 1291 1804 1336 1579 1691 1519 1608 1048 1573 1915 1407 
6 19592 1192 1060 1297 1937 1566 1053 1924 1480 1936 1046 1361 1932 1109 1848 1783 1927 1588 1842 1920 1879 
7 16470 1256 1459 1339 1775 1067 1387 1349 1983 1794 1308 1175 1855 1605 1112 1422 1658 1037 1902 1595 1083 
8 12639 1527 1193 1112 1311 1121 1701 1153 1041 1581 1800 1297 1041 1139 1072 1109 1527 1421 1092 1322 1730 
9 12682 1177 1335 1380 1600 1994 1417 1502 1589 1501 1766 1117 1695 1879 1428 1816 1581 1582 1857 1163 1382 
10 11551 1204 1522 1227 1313 1049 1649 1406 1371 1379 1674 1549 1715 1055 1149 1710 1473 1652 1300 1975 1419 
11 14177 1670 1299 1846 1486 1880 1428 1344 1043 1811 1499 1247 1334 1727 1561 1383 1376 1968 1755 1756 1642 
12 13055 1472 1698 1455 1182 1171 1107 1482 1146 1527 1900 1816 1826 1746 1303 1707 1175 1647 1750 1986 1146 
13 19986 1321 1874 1560 1705 1250 1528 1460 1007 1171 1766 1479 1869 1221 1661 1041 1329 1144 1187 1857 1044 
14 10048 1683 1790 1308 1390 1966 1955 1141 1953 1102 1139 1274 1976 1700 1979 1227 1228 1440 1234 1399 1206 
15 17143 1269 1428 1375 1310 1758 1520 1498 1615 1564 1503 1299 1354 1811 1689 1321 1767 1830 1274 1869 1970 
16 15484 1846 1671 1527 1074 1900 1968 1309 1299 1175 1023 1569 1603 1399 1879 1362 1919 1378 1977 1483 1881 
17 12767 1838 1692 1966 1159 1459 1797 1433 1329 1768 1981 1176 1439 1509 1250 1339 1478 1559 1639 1653 1582 
18 12090 1257 1982 1088 1619 1901 1466 1597 1384 1348 1873 1223 1040 1840 1382 1500 1637 1816 1830 1406 1798 
19 10064 1845 1308 1256 1185 1786 1816 1825 1439 1398 1034 1696 1381 1123 1315 1282 1590 1912 1667 1938 1786 
20 18907 1978 1627 1273 1479 1265 1089 1309 1671 1888 1315 1517 1196 1572 1702 1982 1388 1528 1421 1787 1562 
