FILE: problems_kg_tiny/asym_30a-8
30 30 0
1 159 1807 1701 1291 1584 1994 1006 1956 1958 1970 1938 1965 1034 1077 1885 1567 1400 1655 1299 1142 1704 1824 1251 1138 1716 1269 1127 1085 1209 1603 1712 
2 180 1411 1414 1092 1995 1409 1098 1952 1367 1068 1891 1333 1103 1968 1218 1671 1368 1874 1970 1511 1578 1795 1762 1717 1512 1032 1844 1597 1242 1448 1310 
3 104 1860 1724 1134 1855 1133 1233 1808 1501 1302 1699 1834 1405 1668 1052 1077 1037 1926 1047 1548 1505 1843 1310 1223 1355 1343 1068 1953 1585 1516 1263 
4 162 1376 1987 1763 1232 1121 1996 1041 1623 1299 1740 1457 1704 1409 1510 1782 1446 1437 1829 1994 1942 1673 1305 1166 1028 1648 1234 1981 1234 1751 1245 
5 186 1127 1232 1625 1360 1354 1622 1401 1977 1921 1142 1434 1626 1552 1945 1408 1998 1382 1238 1993 1325 1911 1298 1491 1940 1947 1725 1921 1181 1476 1166 
6 104 1604 1399 1669 1965 1753 1291 1367 1731 1212 1510 1165 1838 1062 1111 1246 1061 1493 1484 1054 1818 1395 1352 1310 1335 1299 1035 1257 1480 1512 1424 
7 152 1117 1824 1193 1082 1578 1484 1450 1309 1697 1960 1474 1535 1023 1586 1782 1084 1079 1266 1138 1898 1662 1490 1208 1998 1790 1243 1256 1271 1756 1681 
8 179 1874 1505 1989 1956 1083 1474 1407 1392 1171 1367 1867 1706 1391 1453 1489 1475 1533 1756 1613 1431 1419 1104 1639 1417 1894 1883 1674 1166 1639 1356 
9 196 1513 1861 1951 1470 1945 1425 1878 1338 1596 1246 1205 1303 1637 1659 1792 1112 1192 1548 1725 1624 1967 1830 1263 1385 1725 1147 1060 1891 1787 1416 
10 185 1300 1278 1804 1771 1223 1230 1649 1561 1826 1896 1767 1130 1533 1427 1922 1645 1620 1471 1371 1244 1438 1201 1507 1824 1926 1655 1884 1818 1442 1301 
11 167 1742 1579 1476 1514 1803 1706 1164 1365 1533 1060 1132 1663 1594 1560 1586 1239 1180 1057 1611 1424 1496 1812 1932 1321 1739 1587 1206 1557 1029 1507 
12 122 1772 1087 1706 1287 1891 1413 1451 1256 1946 1512 1389 1610 1106 1949 1197 1346 1129 1255 1957 1553 1751 1770 1486 1073 1509 1073 1279 1067 1103 1787 
13 129 1875 1874 1003 1162 1766 1416 1614 1022 1363 1127 1411 1973 1233 1361 1170 1580 1490 1425 1537 1044 1177 1307 1530 1250 1817 1604 1530 1884 1707 1317 
14 118 1583 1192 1184 1746 1958 1601 1360 1980 1964 1487 1392 1937 1721 1753 1108 1301 1244 1534 1839 1288 1712 1146 1819 1963 1963 1424 1493 1848 1132 1811 
15 102 1715 1003 1214 1461 1962 1815 1822 1942 1779 1310 1335 1717 1031 1089 1826 1333 1333 1360 1172 1622 1073 1319 1442 1036 1282 1866 1529 1131 1998 1341 
16 116 1714 1344 1375 1176 1306 1191 1998 1249 1971 1309 1585 1688 1341 1674 1514 1674 1007 1875 1847 1630 1949 1166 1072 1985 1448 1938 1515 1580 1937 1856 
17 174 1652 1201 1116 1828 1507 1307 1827 1757 1279 1137 1342 1967 1478 1017 1482 1152 1024 1358 1999 1654 1307 1165 1727 1293 1614 1665 1808 1194 1603 1665 
18 193 1255 1866 1052 1084 1374 1360 1912 1132 1639 1049 1475 1606 1527 1492 1089 1680 1517 1448 1679 1172 1755 1845 1899 1049 1460 1565 1858 1654 1168 1523 
19 159 1424 1390 1642 1509 1765 1002 1422 1897 1642 1471 1372 1249 1999 1864 1338 1680 1381 1786 1360 1553 1542 1205 1452 1592 1666 1017 1450 1320 1186 1974 
20 191 1611 1364 1553 1120 1129 1556 1542 1027 1198 1014 1399 1448 1014 1264 1786 1694 1645 1573 1054 1199 1116 1260 1652 1708 1926 1670 1159 1247 1856 1133 
21 115 1467 1497 1713 1588 1627 1269 1130 1654 1468 1145 1054 1916 1160 1318 1703 1854 1963 1277 1909 1163 1394 1170 1815 1102 1096 1485 1262 1344 1342 1395 
22 150 1810 1892 1216 1398 1520 1486 1529 1174 1955 1675 1228 1872 1835 1546 1575 1689 1510 1853 1599 1674 1247 1769 1489 1350 1866 1975 1612 1211 1317 1007 
23 171 1128 1900 1931 1526 1420 1417 1056 1595 1373 1731 1824 1245 1566 1371 1821 1256 1882 1674 1855 1556 1921 1625 1045 1272 1491 1021 1884 1702 1338 1892 
24 141 1466 1792 1348 1993 1212 1766 1049 1808 1139 1781 1632 1384 1347 1003 1206 1603 1885 1880 1459 1442 1802 1084 1487 1074 1576 1508 1959 1278 1847 1851 
25 169 1314 1643 1044 1308 1856 1810 1357 1664 1950 1139 1297 1335 1486 1301 1541 1090 1187 1422 1550 1629 1224 1634 1117 1299 1210 1625 1258 1489 1473 1110 
26 118 1787 1753 1229 1095 1610 1040 1453 1275 1990 1592 1573 1325 1079 1874 1867 1169 1061 1289 1720 1691 1514 1354 1808 1813 1565 1433 1072 1054 1907 1182 
27 123 1694 1936 1469 1790 1547 1509 1244 1822 1499 1837 1395 1825 1916 1269 1693 1086 1331 1982 1806 1022 1496 1161 1830 1310 1726 1264 1382 1781 1171 1565 
28 102 1866 1502 1490 1657 1049 1999 1902 1871 1499 1739 1267 1325 1655 1537 1018 1742 1868 1000 1549 1891 1497 1710 1722 1807 1437 1986 1190 1218 1158 1756 
29 123 1025 1258 1729 1683 1308 1729 1585 1179 1228 1324 1447 1553 1980 1984 1572 1723 1853 1572 1272 1744 1070 1982 1466 1878 1420 1453 1069 1638 1612 1825 
30 187 1638 1084 1608 1321 1392 1337 1906 1572 1566 1231 1019 1120 1212 1003 1692 1935 1856 1265 1207 1601 1336 1190 1068 1214 1610 1522 1283 1248 1135 1109 
