FILE: problems_kg_tiny/asym_30c-7
30 30 0
1 11596 1209 1224 1609 1443 1843 1530 1015 1229 1578 1511 1393 1236 1449 1150 1683 1513 1382 1918 1002 1714 1551 1278 1935 1356 1296 1239 1474 1950 1468 1242 
2 11105 1677 1466 1720 1121 1310 1250 1137 1540 1828 1648 1933 1065 1098 1084 1749 1612 1467 1667 1615 1181 1218 1894 1117 1575 1190 1357 1050 1140 1825 1292 
3 12515 1503 1758 1971 1624 1069 1222 1762 1609 1051 1411 1543 1116 1509 1628 1865 1122 1095 1533 1737 1276 1751 1631 1394 1327 1821 1751 1377 1962 1576 1669 
4 12141 1079 1428 1185 1704 1497 1408 1466 1107 1459 1877 1651 1576 1387 1279 1442 1509 1374 1975 1247 1651 1727 1878 1045 1055 1700 1796 1432 1662 1373 1102 
5 18770 1452 1530 1062 1156 1028 1471 1623 1136 1930 1500 1787 1507 1887 1067 1950 1396 1441 1925 1643 1092 1653 1522 1137 1708 1222 1934 1140 1885 1307 1243 
6 17627 1760 1774 1825 1916 1803 1296 1539 1939 1227 1040 1727 1735 1927 1794 1685 1324 1236 1610 1968 1329 1263 1491 1467 1972 1714 1401 1112 1599 1708 1356 
7 13625 1468 1130 1188 1385 1933 1484 1925 1873 1712 1966 1601 1447 1894 1396 1133 1218 1632 1743 1187 1961 1007 1678 1428 1979 1392 1830 1092 1992 1539 1448 
8 13551 1008 1579 1543 1393 1513 1028 1319 1387 1740 1285 1988 1188 1179 1384 1321 1398 1017 1065 1586 1978 1073 1264 1407 1052 1657 1237 1145 1649 1777 1594 
9 10050 1785 1174 1548 1179 1687 1576 1499 1074 1317 1784 1062 1506 1964 1447 1827 1363 1464 1893 1949 1443 1966 1213 1850 1019 1871 1088 1164 1521 1866 1759 
10 15262 1651 1933 1074 1830 1621 1651 1329 1695 1968 1114 1758 1474 1079 1206 1302 1442 1670 1195 1391 1113 1161 1605 1964 1181 1477 1053 1346 1998 1919 1105 
11 15244 1570 1038 1599 1401 1659 1250 1731 1355 1218 1845 1114 1693 1925 1320 1995 1367 1990 1191 1759 1104 1353 1365 1068 1534 1842 1121 1880 1841 1040 1985 
12 13655 1611 1024 1964 1013 1684 1214 1744 1040 1433 1590 1154 1126 1515 1474 1122 1883 1464 1313 1643 1569 1667 1009 1637 1201 1851 1759 1082 1692 1800 1068 
13 10583 1412 1092 1022 1425 1777 1237 1169 1817 1670 1759 1971 1797 1275 1445 1920 1159 1910 1233 1802 1480 1900 1811 1117 1102 1663 1877 1185 1356 1678 1253 
14 14145 1090 1346 1437 1515 1123 1674 1685 1941 1345 1445 1912 1143 1720 1358 1063 1879 1269 1297 1682 1749 1198 1493 1867 1300 1157 1745 1485 1513 1423 1739 
15 19279 1514 1085 1365 1029 1209 1040 1715 1150 1386 1160 1063 1529 1881 1422 1593 1761 1692 1890 1443 1442 1088 1937 1309 1389 1095 1055 1875 1608 1478 1614 
16 15364 1992 1700 1901 1022 1909 1942 1738 1060 1328 1898 1123 1858 1780 1545 1451 1541 1237 1342 1985 1679 1430 1923 1989 1820 1018 1045 1696 1627 1523 1310 
17 11635 1516 1011 1065 1539 1920 1007 1277 1980 1336 1176 1104 1194 1957 1650 1646 1498 1888 1988 1484 1568 1418 1408 1558 1239 1426 1603 1935 1053 1127 1246 
18 12171 1643 1257 1282 1183 1178 1290 1461 1159 1626 1638 1264 1820 1595 1914 1467 1094 1802 1455 1579 1371 1873 1987 1929 1113 1413 1532 1048 1467 1659 1295 
19 16845 1303 1552 1967 1487 1731 1257 1948 1891 1883 1587 1155 1704 1182 1069 1171 1277 1872 1626 1856 1243 1500 1843 1173 1614 1257 1705 1663 1724 1365 1958 
20 14093 1668 1511 1376 1155 1242 1633 1104 1134 1517 1692 1289 1222 1875 1359 1394 1152 1231 1020 1009 1475 1521 1852 1648 1136 1110 1354 1799 1834 1719 1757 
21 12442 1387 1269 1620 1543 1511 1254 1648 1646 1771 1341 1935 1994 1216 1294 1388 1369 1526 1409 1378 1002 1931 1231 1650 1067 1341 1004 1866 1176 1724 1624 
22 14204 1112 1893 1041 1655 1405 1295 1304 1051 1067 1645 1986 1061 1862 1281 1449 1231 1808 1858 1609 1810 1790 1841 1461 1857 1182 1466 1723 1358 1190 1347 
23 17791 1302 1241 1820 1958 1646 1115 1263 1697 1183 1909 1684 1244 1771 1966 1694 1003 1774 1553 1613 1584 1343 1454 1045 1200 1636 1511 1924 1995 1701 1272 
24 17746 1004 1513 1594 1962 1159 1710 1225 1857 1893 1134 1541 1138 1906 1507 1832 1909 1282 1385 1522 1866 1728 1976 1912 1929 1613 1424 1853 1609 1126 1126 
25 13836 1130 1639 1978 1092 1799 1689 1318 1656 1583 1453 1198 1721 1359 1706 1554 1268 1988 1939 1791 1855 1668 1768 1767 1598 1381 1191 1452 1990 1317 1578 
26 13745 1448 1217 1353 1541 1017 1042 1859 1673 1625 1313 1872 1346 1672 1579 1900 1941 1567 1840 1733 1422 1509 1501 1190 1107 1883 1382 1560 1874 1700 1138 
27 12488 1148 1356 1601 1689 1373 1644 1549 1047 1269 1862 1919 1616 1535 1499 1517 1477 1066 1358 1210 1489 1868 1711 1680 1976 1594 1062 1536 1469 1762 1674 
28 17180 1911 1030 1320 1601 1404 1964 1150 1451 1234 1013 1371 1851 1548 1870 1369 1025 1937 1728 1235 1427 1596 1947 1107 1572 1542 1169 1109 1011 1932 1783 
29 17297 1844 1814 1049 1445 1218 1014 1595 1670 1248 1609 1042 1100 1157 1913 1469 1183 1850 1197 1419 1277 1794 1366 1385 1366 1909 1554 1475 1921 1487 1259 
30 16509 1331 1074 1700 1776 1293 1715 1372 1963 1963 1981 1006 1064 1139 1919 1533 1322 1770 1731 1742 1048 1525 1109 1433 1892 1018 1988 1368 1939 1476 1627 
