FILE: problems_kg_tiny/asym_10a-5
10 10 0
1 129 1214 1457 1870 1917 1439 1259 1445 1860 1047 1008 
2 197 1216 1694 1412 1667 1970 1759 1786 1185 1892 1796 
3 137 1653 1079 1051 1679 1452 1033 1376 1713 1331 1590 
4 117 1202 1507 1609 1462 1953 1470 1510 1961 1448 1726 
5 165 1861 1394 1626 1620 1181 1811 1513 1977 1190 1167 
6 105 1241 1846 1509 1275 1223 1222 1607 1813 1392 1810 
7 132 1001 1272 1274 1471 1783 1236 1920 1510 1891 1782 
8 190 1518 1402 1085 1330 1916 1063 1520 1083 1120 1762 
9 193 1629 1038 1153 1851 1645 1967 1243 1456 1288 1245 
10 172 1563 1717 1512 1799 1638 1022 1691 1420 1927 1209 
