FILE: problems_kg_tiny/asym_10b-7
10 10 0
1 1141 1110 1441 1912 1852 1800 1767 1880 1602 1934 1410 
2 1792 1568 1870 1139 1838 1225 1152 1988 1504 1163 1460 
3 1557 1260 1523 1097 1438 1122 1345 1565 1125 1487 1676 
4 1567 1400 1528 1367 1167 1409 1969 1102 1820 1762 1671 
5 1690 1902 1509 1916 1054 1498 1421 1218 1959 1978 1479 
6 1482 1076 1917 1605 1422 1483 1731 1909 1159 1298 1309 
7 1688 1665 1477 1097 1635 1579 1918 1397 1251 1608 1300 
8 1760 1525 1354 1258 1946 1573 1217 1924 1052 1700 1000 
9 1970 1306 1422 1454 1037 1332 1614 1336 1642 1302 1002 
10 1119 1400 1637 1699 1319 1035 1950 1927 1335 1711 1453 
