FILE: problems_kg_tiny/asym_10a-1
10 10 0
1 160 1655 1182 1748 1437 1605 1670 1002 1327 1031 1538 
2 153 1459 1690 1292 1621 1499 1557 1464 1773 1555 1710 
3 189 1558 1985 1805 1641 1741 1813 1644 1354 1420 1299 
4 153 1168 1737 1141 1839 1740 1469 1871 1278 1002 1330 
5 196 1294 1952 1468 1852 1417 1241 1408 1127 1135 1966 
6 111 1941 1607 1854 1754 1251 1208 1174 1551 1745 1343 
7 128 1887 1183 1028 1356 1054 1307 1358 1385 1276 1653 
8 133 1745 1505 1755 1987 1914 1883 1122 1880 1996 1063 
9 148 1850 1817 1739 1059 1992 1291 1804 1336 1579 1691 
10 151 1608 1048 1573 1915 1407 1959 1192 1060 1297 1937 
