FILE: problems_kg_tiny/asym_10a-6
10 10 0
1 182 1013 1539 1740 1076 1060 1824 1196 1823 1754 1826 
2 186 1907 1677 1507 1874 1921 1964 1163 1167 1693 1726 
3 188 1205 1525 1523 1228 1217 1944 1155 1426 1768 1168 
4 196 1508 1244 1027 1332 1441 1851 1087 1268 1713 1994 
5 194 1220 1869 1867 1184 1032 1034 1878 1759 1919 1083 
6 128 1443 1311 1502 1388 1467 1929 1156 1635 1895 1665 
7 188 1923 1998 1322 1774 1085 1590 1487 1080 1536 1708 
8 194 1403 1893 1982 1438 1771 1742 1358 1855 1027 1802 
9 116 1530 1190 1634 1459 1347 1269 1355 1012 1150 1278 
10 101 1472 1052 1097 1062 1540 1177 1599 1248 1127 1002 
