FILE: problems_kg_tiny/asym_20c-4
20 20 0
1 14897 1964 1112 1758 1344 1719 1798 1333 1213 1496 1671 1718 1859 1034 1093 1756 1065 1579 1077 1682 1322 
2 15514 1238 1126 1134 1066 1648 1488 1498 1192 1641 1988 1157 1753 1746 1501 1473 1545 1835 1686 1041 1506 
3 14053 1901 1541 1498 1657 1606 1078 1735 1289 1400 1287 1527 1527 1421 1594 1175 1910 1093 1368 1551 1081 
4 15251 1305 1828 1026 1778 1374 1861 1464 1416 1368 1870 1318 1910 1369 1976 1516 1447 1711 1805 1847 1999 
5 13335 1375 1421 1927 1550 1331 1020 1918 1883 1102 1443 1188 1931 1470 1967 1305 1332 1432 1722 1701 1302 
6 10403 1611 1671 1016 1127 1119 1728 1933 1967 1727 1267 1342 1148 1194 1892 1480 1215 1811 1364 1318 1255 
7 15528 1249 1726 1520 1555 1058 1952 1277 1760 1255 1318 1371 1927 1334 1499 1046 1062 1432 1014 1790 1700 
8 13567 1939 1895 1249 1419 1111 1061 1783 1429 1317 1336 1679 1043 1857 1235 1102 1809 1513 1862 1065 1831 
9 12339 1992 1165 1733 1039 1228 1166 1054 1019 1866 1410 1958 1761 1660 1378 1872 1722 1162 1302 1039 1499 
10 19816 1082 1356 1216 1185 1166 1729 1047 1231 1561 1281 1224 1727 1015 1264 1955 1181 1318 1975 1047 1729 
11 19336 1809 1390 1312 1682 1112 1474 1984 1151 1973 1966 1234 1329 1182 1419 1495 1912 1467 1727 1473 1748 
12 19516 1200 1763 1215 1156 1945 1534 1131 1993 1263 1065 1802 1653 1377 1484 1766 1852 1469 1917 1825 1435 
13 11518 1155 1618 1571 1651 1531 1038 1378 1005 1787 1330 1206 1551 1545 1362 1496 1080 1494 1489 1344 1560 
14 12924 1997 1937 1777 1764 1790 1246 1681 1615 1682 1833 1771 1300 1404 1422 1832 1443 1800 1837 1230 1130 
15 10433 1782 1676 1406 1278 1756 1900 1768 1101 1460 1060 1098 1398 1838 1862 1188 1085 1544 1804 1767 1378 
16 15755 1068 1782 1997 1900 1226 1798 1738 1456 1929 1781 1239 1605 1187 1517 1362 1088 1286 1463 1549 1346 
17 15629 1947 1185 1425 1136 1270 1970 1941 1038 1348 1516 1106 1131 1514 1007 1357 1313 1745 1814 1242 1527 
18 10536 1848 1714 1571 1211 1803 1857 1675 1352 1204 1238 1300 1389 1663 1436 1660 1634 1378 1698 1982 1894 
19 18055 1114 1409 1813 1472 1722 1559 1286 1964 1086 1340 1812 1801 1911 1024 1604 1769 1699 1956 1973 1937 
20 12571 1363 1601 1693 1023 1235 1072 1722 1218 1966 1527 1332 1376 1341 1804 1098 1900 1091 1063 1987 1431 
