FILE: problems_kg_tiny/asym_10b-8
10 10 0
1 1690 1970 1399 1264 1188 1324 1317 1888 1325 1287 1195 
2 1748 1742 1233 1080 1356 1570 1723 1659 1572 1842 1060 
3 1210 1541 1379 1246 1492 1307 1582 1203 1760 1272 1173 
4 1160 1536 1361 1484 1853 1250 1810 1141 1446 1558 1883 
5 1679 1639 1240 1249 1362 1899 1822 1205 1960 1032 1747 
6 1339 1278 1239 1646 1861 1443 1407 1133 1616 1567 1670 
7 1978 1052 1524 1229 1862 1665 1675 1421 1549 1355 1061 
8 1790 1605 1424 1689 1427 1630 1650 1460 1377 1989 1739 
9 1617 1636 1600 1060 1043 1733 1677 1611 1404 1655 1663 
10 1928 1884 1526 1594 1560 1948 1144 1915 1010 1934 1520 
