FILE: problems_kg_tiny/asym_30c-1
30 30 0
1 16069 1655 1182 1748 1437 1605 1670 1002 1327 1031 1538 1532 1459 1690 1292 1621 1499 1557 1464 1773 1555 1710 1893 1558 1985 1805 1641 1741 1813 1644 1354 
2 14202 1299 1536 1168 1737 1141 1839 1740 1469 1871 1278 1002 1330 1969 1294 1952 1468 1852 1417 1241 1408 1127 1135 1966 1113 1941 1607 1854 1754 1251 1208 
3 11746 1551 1745 1343 1288 1887 1183 1028 1356 1054 1307 1358 1385 1276 1653 1338 1745 1505 1755 1987 1914 1883 1122 1880 1996 1063 1487 1850 1817 1739 1059 
4 19923 1291 1804 1336 1579 1691 1519 1608 1048 1573 1915 1407 1959 1192 1060 1297 1937 1566 1053 1924 1480 1936 1046 1361 1932 1109 1848 1783 1927 1588 1842 
5 19200 1879 1647 1256 1459 1339 1775 1067 1387 1349 1983 1794 1308 1175 1855 1605 1112 1422 1658 1037 1902 1595 1083 1263 1527 1193 1112 1311 1121 1701 1153 
6 10413 1581 1800 1297 1041 1139 1072 1109 1527 1421 1092 1322 1730 1268 1177 1335 1380 1600 1994 1417 1502 1589 1501 1766 1117 1695 1879 1428 1816 1581 1582 
7 18576 1163 1382 1155 1204 1522 1227 1313 1049 1649 1406 1371 1379 1674 1549 1715 1055 1149 1710 1473 1652 1300 1975 1419 1417 1670 1299 1846 1486 1880 1428 
8 13441 1043 1811 1499 1247 1334 1727 1561 1383 1376 1968 1755 1756 1642 1305 1472 1698 1455 1182 1171 1107 1482 1146 1527 1900 1816 1826 1746 1303 1707 1175 
9 16475 1750 1986 1146 1998 1321 1874 1560 1705 1250 1528 1460 1007 1171 1766 1479 1869 1221 1661 1041 1329 1144 1187 1857 1044 1004 1683 1790 1308 1390 1966 
10 19558 1141 1953 1102 1139 1274 1976 1700 1979 1227 1228 1440 1234 1399 1206 1714 1269 1428 1375 1310 1758 1520 1498 1615 1564 1503 1299 1354 1811 1689 1321 
11 17671 1830 1274 1869 1970 1548 1846 1671 1527 1074 1900 1968 1309 1299 1175 1023 1569 1603 1399 1879 1362 1919 1378 1977 1483 1881 1276 1838 1692 1966 1159 
12 14598 1797 1433 1329 1768 1981 1176 1439 1509 1250 1339 1478 1559 1639 1653 1582 1209 1257 1982 1088 1619 1901 1466 1597 1384 1348 1873 1223 1040 1840 1382 
13 15004 1637 1816 1830 1406 1798 1006 1845 1308 1256 1185 1786 1816 1825 1439 1398 1034 1696 1381 1123 1315 1282 1590 1912 1667 1938 1786 1890 1978 1627 1273 
14 14793 1265 1089 1309 1671 1888 1315 1517 1196 1572 1702 1982 1388 1528 1421 1787 1562 1117 1168 1686 1433 1451 1276 1346 1118 1214 1133 1009 1193 1760 1283 
15 16727 1025 1372 1982 1697 1260 1298 1214 1457 1870 1917 1439 1259 1445 1860 1047 1008 1978 1216 1694 1412 1667 1970 1759 1786 1185 1892 1796 1378 1653 1079 
16 10513 1679 1452 1033 1376 1713 1331 1590 1170 1202 1507 1609 1462 1953 1470 1510 1961 1448 1726 1655 1861 1394 1626 1620 1181 1811 1513 1977 1190 1167 1056 
17 12419 1846 1509 1275 1223 1222 1607 1813 1392 1810 1321 1001 1272 1274 1471 1783 1236 1920 1510 1891 1782 1904 1518 1402 1085 1330 1916 1063 1520 1083 1120 
18 17627 1930 1629 1038 1153 1851 1645 1967 1243 1456 1288 1245 1729 1563 1717 1512 1799 1638 1022 1691 1420 1927 1209 1823 1013 1539 1740 1076 1060 1824 1196 
19 18236 1754 1826 1861 1907 1677 1507 1874 1921 1964 1163 1167 1693 1726 1885 1205 1525 1523 1228 1217 1944 1155 1426 1768 1168 1966 1508 1244 1027 1332 1441 
20 18510 1087 1268 1713 1994 1945 1220 1869 1867 1184 1032 1034 1878 1759 1919 1083 1285 1443 1311 1502 1388 1467 1929 1156 1635 1895 1665 1880 1923 1998 1322 
21 17742 1085 1590 1487 1080 1536 1708 1949 1403 1893 1982 1438 1771 1742 1358 1855 1027 1802 1166 1530 1190 1634 1459 1347 1269 1355 1012 1150 1278 1011 1472 
22 10529 1097 1062 1540 1177 1599 1248 1127 1002 1141 1110 1441 1912 1852 1800 1767 1880 1602 1934 1410 1792 1568 1870 1139 1838 1225 1152 1988 1504 1163 1460 
23 15574 1260 1523 1097 1438 1122 1345 1565 1125 1487 1676 1567 1400 1528 1367 1167 1409 1969 1102 1820 1762 1671 1690 1902 1509 1916 1054 1498 1421 1218 1959 
24 19784 1479 1482 1076 1917 1605 1422 1483 1731 1909 1159 1298 1309 1688 1665 1477 1097 1635 1579 1918 1397 1251 1608 1300 1760 1525 1354 1258 1946 1573 1217 
25 19248 1052 1700 1000 1970 1306 1422 1454 1037 1332 1614 1336 1642 1302 1002 1119 1400 1637 1699 1319 1035 1950 1927 1335 1711 1453 1690 1970 1399 1264 1188 
26 13245 1317 1888 1325 1287 1195 1748 1742 1233 1080 1356 1570 1723 1659 1572 1842 1060 1210 1541 1379 1246 1492 1307 1582 1203 1760 1272 1173 1160 1536 1361 
27 14848 1853 1250 1810 1141 1446 1558 1883 1679 1639 1240 1249 1362 1899 1822 1205 1960 1032 1747 1339 1278 1239 1646 1861 1443 1407 1133 1616 1567 1670 1978 
28 10525 1524 1229 1862 1665 1675 1421 1549 1355 1061 1790 1605 1424 1689 1427 1630 1650 1460 1377 1989 1739 1617 1636 1600 1060 1043 1733 1677 1611 1404 1655 
29 16638 1928 1884 1526 1594 1560 1948 1144 1915 1010 1934 1520 1435 1624 1948 1065 1274 1408 1442 1263 1147 1059 1900 1747 1119 1943 1481 1796 1555 1886 1452 
30 12191 1815 1337 1746 1409 1897 1694 1554 1813 1705 1488 1334 1140 1112 1282 1205 1387 1690 1647 1651 1838 1707 1551 1586 1827 1495 1068 1624 1050 1954 1076 
