FILE: problems_kg_tiny/asym_20a-8
20 20 0
1 125 1883 1355 1524 1149 1647 1240 1237 1476 1496 1922 1454 1309 1709 1793 1725 1288 1073 1850 1372 1837 
2 191 1771 1533 1443 1160 1292 1127 1996 1475 1388 1248 1358 1743 1773 1507 1391 1013 1745 1867 1510 1668 
3 132 1820 1377 1115 1545 1666 1188 1396 1038 1025 1311 1809 1558 1755 1969 1851 1882 1966 1326 1270 1214 
4 168 1014 1988 1193 1405 1002 1939 1273 1512 1607 1595 1332 1985 1710 1878 1651 1899 1274 1689 1924 1586 
5 149 1483 1341 1468 1335 1224 1435 1662 1495 1650 1347 1510 1638 1541 1915 1640 1480 1189 1152 1088 1784 
6 148 1073 1495 1364 1725 1394 1638 1415 1319 1225 1914 1803 1567 1383 1138 1791 1818 1800 1286 1468 1148 
7 179 1106 1689 1712 1747 1170 1902 1899 1259 1687 1385 1332 1182 1749 1058 1577 1388 1473 1896 1614 1388 
8 169 1181 1771 1837 1973 1590 1638 1260 1059 1787 1057 1166 1477 1770 1913 1647 1672 1813 1906 1359 1199 
9 123 1541 1948 1298 1118 1337 1771 1015 1951 1159 1714 1133 1931 1552 1106 1522 1191 1366 1581 1978 1423 
10 174 1455 1193 1661 1103 1866 1475 1010 1225 1674 1250 1767 1623 1548 1886 1961 1319 1901 1912 1479 1616 
11 104 1411 1168 1152 1934 1359 1519 1516 1338 1942 1264 1793 1136 1926 1896 1002 1401 1907 1228 1076 1157 
12 199 1700 1705 1882 1661 1025 1783 1574 1505 1400 1620 1917 1568 1772 1851 1928 1291 1367 1267 1234 1632 
13 106 1371 1558 1957 1373 1960 1865 1601 1037 1022 1597 1737 1728 1479 1398 1754 1263 1972 1259 1663 1593 
14 117 1232 1366 1028 1161 1657 1396 1428 1892 1028 1489 1263 1586 1447 1637 1547 1312 1238 1584 1334 1836 
15 132 1063 1315 1720 1817 1579 1693 1076 1242 1286 1253 1475 1652 1282 1636 1310 1678 1065 1202 1706 1554 
16 146 1293 1001 1103 1840 1314 1342 1425 1648 1178 1747 1711 1494 1467 1529 1073 1160 1605 1316 1447 1859 
17 179 1099 1142 1428 1409 1820 1493 1612 1527 1048 1079 1820 1050 1182 1661 1364 1525 1086 1013 1704 1834 
18 172 1198 1301 1254 1272 1462 1860 1588 1910 1719 1380 1009 1861 1809 1419 1682 1302 1032 1209 1351 1111 
19 102 1401 1293 1691 1765 1819 1777 1779 1523 1611 1504 1721 1913 1758 1993 1376 1618 1582 1286 1338 1963 
20 129 1200 1772 1715 1882 1075 1748 1091 1426 1859 1121 1827 1153 1812 1593 1972 1590 1372 1495 1202 1876 
