FILE: problems_kg_tiny/asym_30c-3
30 30 0
1 11257 1550 1521 1157 1696 1318 1258 1977 1280 1952 1477 1989 1942 1262 1741 1902 1472 1801 1410 1714 1111 1241 1827 1214 1270 1994 1884 1280 1565 1834 1512 
2 16909 1385 1033 1847 1082 1351 1106 1059 1632 1059 1536 1621 1001 1798 1363 1904 1271 1164 1314 1985 1276 1556 1812 1491 1827 1807 1375 1107 1372 1210 1620 
3 10636 1596 1653 1911 1678 1005 1018 1737 1638 1077 1273 1260 1079 1072 1623 1983 1343 1788 1297 1328 1065 1854 1141 1556 1681 1948 1932 1788 1321 1142 1408 
4 13851 1738 1062 1296 1417 1068 1314 1154 1707 1392 1427 1967 1471 1499 1591 1454 1842 1380 1752 1171 1445 1606 1312 1002 1288 1261 1934 1077 1582 1077 1486 
5 19679 1816 1549 1264 1233 1617 1579 1388 1325 1972 1815 1292 1443 1315 1883 1898 1158 1263 1650 1329 1709 1257 1642 1712 1546 1903 1647 1623 1486 1725 1109 
6 14545 1541 1659 1719 1775 1276 1298 1163 1601 1270 1979 1894 1714 1294 1778 1612 1452 1042 1263 1782 1751 1521 1424 1464 1067 1328 1111 1691 1815 1836 1801 
7 12695 1378 1460 1988 1154 1737 1287 1317 1339 1558 1297 1233 1272 1591 1012 1885 1044 1054 1149 1827 1806 1670 1251 1270 1738 1580 1382 1430 1395 1218 1231 
8 16649 1597 1692 1653 1751 1430 1941 1069 1769 1499 1366 1003 1772 1958 1015 1658 1003 1070 1807 1830 1876 1478 1082 1147 1216 1662 1529 1646 1058 1748 1878 
9 17230 1345 1571 1376 1096 1001 1317 1165 1770 1817 1532 1774 1590 1490 1790 1248 1493 1860 1055 1324 1737 1533 1406 1884 1750 1069 1414 1397 1127 1162 1275 
10 18502 1508 1847 1227 1605 1848 1544 1771 1619 1362 1303 1393 1952 1794 1183 1200 1288 1044 1256 1612 1781 1789 1018 1665 1539 1087 1080 1936 1215 1243 1212 
11 10653 1751 1060 1292 1356 1908 1837 1128 1528 1199 1431 1922 1152 1226 1105 1353 1514 1150 1609 1127 1931 1399 1145 1597 1939 1233 1677 1876 1448 1920 1089 
12 15142 1671 1149 1806 1028 1058 1643 1156 1586 1843 1588 1508 1996 1814 1614 1349 1329 1764 1959 1456 1696 1359 1602 1293 1298 1835 1970 1174 1284 1890 1264 
13 17991 1562 1413 1605 1591 1471 1249 1747 1058 1093 1335 1566 1089 1150 1181 1439 1479 1946 1399 1935 1642 1758 1538 1935 1057 1374 1905 1232 1658 1796 1496 
14 14580 1359 1910 1063 1950 1382 1313 1698 1440 1406 1034 1007 1496 1184 1188 1936 1664 1135 1335 1600 1777 1094 1138 1712 1151 1512 1618 1384 1171 1415 1880 
15 16294 1775 1790 1693 1725 1172 1006 1423 1613 1413 1457 1620 1909 1642 1809 1846 1306 1944 1182 1906 1722 1276 1045 1435 1428 1557 1054 1812 1729 1469 1693 
16 13585 1244 1483 1051 1970 1656 1058 1393 1270 1471 1851 1890 1381 1493 1700 1227 1800 1644 1409 1707 1367 1686 1752 1802 1114 1310 1856 1927 1039 1325 1620 
17 13980 1570 1104 1449 1540 1761 1507 1934 1031 1979 1786 1922 1360 1279 1622 1587 1079 1267 1997 1787 1634 1683 1539 1436 1798 1849 1292 1725 1889 1618 1346 
18 12874 1189 1450 1737 1730 1212 1245 1664 1243 1224 1450 1166 1584 1730 1788 1172 1810 1055 1169 1597 1690 1853 1137 1126 1651 1987 1419 1377 1876 1038 1724 
19 11639 1227 1175 1901 1957 1387 1146 1622 1631 1370 1073 1797 1955 1803 1586 1127 1614 1642 1297 1211 1332 1151 1348 1459 1802 1335 1879 1180 1212 1917 1904 
20 13762 1144 1079 1277 1102 1467 1423 1725 1098 1794 1798 1896 1749 1602 1482 1877 1216 1124 1174 1427 1456 1325 1776 1916 1128 1112 1795 1309 1324 1712 1214 
21 17010 1857 1294 1978 1960 1761 1402 1685 1860 1196 1484 1756 1945 1086 1239 1822 1302 1363 1997 1730 1820 1322 1507 1737 1451 1619 1532 1760 1944 1245 1975 
22 16457 1103 1269 1624 1064 1030 1026 1749 1891 1222 1233 1647 1168 1320 1886 1991 1622 1250 1988 1353 1071 1311 1860 1808 1763 1480 1340 1524 1425 1586 1499 
23 10712 1689 1768 1695 1753 1799 1721 1503 1690 1944 1737 1337 1113 1057 1224 1104 1680 1475 1093 1034 1546 1404 1895 1354 1168 1376 1695 1692 1801 1281 1191 
24 18730 1971 1960 1568 1725 1759 1290 1229 1449 1235 1966 1787 1348 1024 1012 1453 1705 1487 1546 1740 1033 1951 1636 1388 1119 1012 1083 1812 1814 1365 1003 
25 16873 1336 1963 1255 1062 1722 1546 1291 1172 1781 1258 1959 1130 1283 1971 1583 1989 1459 1130 1729 1492 1081 1365 1881 1201 1378 1964 1013 1192 1329 1017 
26 18797 1666 1981 1135 1729 1704 1682 1020 1876 1463 1279 1835 1594 1562 1807 1177 1551 1266 1308 1281 1759 1390 1647 1640 1591 1025 1605 1605 1218 1935 1622 
27 10979 1602 1603 1233 1331 1307 1915 1352 1184 1379 1631 1020 1973 1193 1827 1151 1745 1094 1459 1027 1854 1849 1675 1495 1441 1701 1101 1046 1919 1036 1669 
28 10172 1639 1273 1250 1970 1581 1166 1322 1765 1545 1953 1785 1519 1147 1613 1670 1893 1708 1130 1921 1562 1980 1596 1058 1421 1297 1159 1468 1216 1196 1137 
29 12340 1835 1410 1484 1805 1991 1651 1127 1757 1197 1081 1542 1716 1229 1156 1387 1122 1864 1517 1043 1427 1497 1640 1485 1919 1937 1645 1387 1154 1841 1524 
30 13886 1676 1935 1873 1481 1927 1525 1609 1685 1722 1691 1227 1438 1920 1384 1826 1043 1248 1344 1087 1676 1842 1727 1161 1761 1665 1806 1148 1820 1648 1673 
