FILE: problems_kg_tiny/asym_30c-6
30 30 0
1 10334 1982 1426 1079 1750 1607 1142 1706 1347 1633 1525 1303 1643 1138 1118 1623 1446 1644 1743 1864 1937 1636 1850 1507 1210 1574 1177 1946 1818 1238 1153 
2 18517 1221 1580 1930 1972 1187 1073 1678 1534 1706 1204 1838 1349 1342 1956 1973 1789 1600 1716 1653 1537 1353 1503 1044 1564 1078 1222 1510 1896 1461 1664 
3 17486 1682 1244 1679 1654 1431 1752 1333 1966 1459 1537 1804 1809 1880 1761 1783 1669 1361 1499 1323 1899 1852 1826 1944 1417 1905 1166 1927 1802 1628 1591 
4 15510 1311 1836 1230 1966 1268 1983 1299 1234 1443 1837 1039 1252 1718 1800 1035 1387 1161 1535 1710 1061 1388 1537 1005 1805 1442 1172 1733 1245 1800 1325 
5 17964 1111 1161 1027 1078 1429 1010 1377 1664 1454 1215 1703 1706 1933 1503 1742 1320 1665 1278 1031 1726 1666 1569 1731 1472 1012 1904 1205 1257 1704 1530 
6 10537 1816 1691 1080 1894 1121 1091 1272 1785 1545 1487 1488 1252 1421 1991 1995 1742 1657 1273 1773 1383 1940 1342 1115 1412 1354 1019 1617 1612 1724 1148 
7 16657 1540 1839 1746 1435 1961 1838 1707 1746 1384 1195 1234 1637 1616 1226 1632 1358 1884 1906 1132 1267 1847 1474 1383 1260 1829 1403 1877 1441 1127 1026 
8 11073 1668 1865 1854 1103 1827 1692 1811 1573 1076 1007 1808 1714 1623 1035 1347 1982 1919 1253 1114 1186 1101 1589 1570 1361 1419 1973 1239 1860 1100 1265 
9 19681 1769 1131 1822 1873 1958 1514 1684 1532 1591 1692 1340 1305 1316 1375 1652 1298 1294 1906 1413 1481 1008 1003 1052 1369 1423 1025 1609 1283 1126 1875 
10 12521 1895 1007 1074 1769 1965 1589 1454 1498 1180 1146 1838 1486 1462 1214 1139 1761 1509 1045 1175 1991 1053 1179 1043 1423 1602 1069 1033 1886 1196 1909 
11 11386 1092 1916 1213 1861 1882 1802 1315 1380 1982 1461 1219 1469 1924 1434 1608 1686 1944 1653 1862 1935 1707 1041 1979 1131 1644 1049 1165 1530 1245 1074 
12 16692 1338 1990 1882 1199 1872 1684 1515 1253 1667 1977 1472 1136 1901 1906 1744 1588 1851 1398 1450 1786 1106 1491 1766 1238 1135 1815 1403 1666 1061 1477 
13 13356 1399 1468 1218 1599 1341 1902 1114 1594 1569 1091 1067 1706 1993 1974 1450 1581 1825 1848 1031 1612 1955 1523 1378 1193 1659 1194 1596 1325 1255 1074 
14 16615 1655 1542 1879 1254 1884 1782 1369 1478 1351 1460 1546 1057 1454 1520 1508 1035 1345 1357 1067 1957 1312 1591 1336 1505 1250 1530 1101 1576 1786 1176 
15 12380 1442 1719 1117 1696 1603 1899 1066 1082 1251 1526 1628 1309 1981 1148 1817 1016 1494 1174 1084 1451 1486 1675 1788 1992 1926 1318 1094 1503 1105 1270 
16 17411 1547 1989 1858 1243 1592 1758 1310 1674 1009 1837 1302 1318 1818 1451 1136 1835 1945 1310 1919 1397 1797 1595 1185 1790 1522 1504 1884 1025 1609 1154 
17 17668 1156 1143 1625 1400 1736 1383 1710 1411 1393 1547 1714 1712 1366 1165 1848 1201 1110 1159 1121 1508 1957 1717 1694 1747 1239 1198 1631 1265 1808 1786 
18 10323 1964 1929 1657 1365 1666 1041 1076 1077 1435 1624 1791 1147 1990 1957 1996 1191 1068 1155 1313 1576 1113 1030 1270 1860 1270 1469 1492 1536 1278 1278 
19 15683 1242 1208 1226 1608 1874 1268 1684 1952 1703 1308 1744 1851 1299 1701 1847 1491 1769 1003 1804 1345 1116 1835 1616 1977 1105 1086 1469 1641 1364 1747 
20 12102 1607 1955 1436 1216 1830 1704 1900 1782 1407 1209 1526 1258 1509 1227 1106 1000 1996 1109 1804 1342 1226 1640 1959 1203 1745 1046 1672 1387 1410 1420 
21 15981 1018 1376 1034 1234 1206 1739 1135 1989 1147 1345 1515 1406 1854 1743 1512 1854 1740 1621 1659 1083 1847 1299 1042 1051 1045 1089 1723 1433 1499 1144 
22 10315 1518 1520 1066 1752 1726 1805 1887 1715 1952 1232 1231 1358 1087 1975 1871 1941 1715 1493 1600 1798 1341 1900 1841 1392 1945 1931 1116 1379 1431 1260 
23 14108 1949 1780 1477 1701 1507 1282 1589 1223 1235 1822 1454 1594 1909 1429 1465 1851 1145 1958 1452 1944 1299 1352 1786 1691 1298 1717 1807 1678 1148 1068 
24 10889 1097 1848 1565 1799 1356 1848 1389 1579 1083 1211 1034 1677 1121 1463 1143 1972 1609 1101 1424 1553 1400 1777 1339 1092 1076 1056 1899 1754 1204 1967 
25 18432 1302 1816 1409 1101 1172 1257 1490 1752 1341 1702 1786 1019 1823 1249 1162 1796 1859 1264 1221 1412 1664 1998 1752 1756 1074 1808 1656 1829 1013 1624 
26 16724 1315 1441 1081 1417 1614 1339 1908 1366 1681 1610 1152 1700 1433 1402 1863 1230 1261 1127 1451 1673 1792 1449 1426 1548 1524 1234 1205 1353 1248 1830 
27 10264 1564 1271 1108 1981 1885 1447 1889 1251 1128 1499 1403 1829 1933 1805 1693 1163 1067 1820 1615 1740 1612 1065 1166 1161 1589 1401 1367 1943 1650 1197 
28 19701 1214 1469 1078 1195 1354 1526 1085 1606 1654 1585 1009 1484 1519 1815 1177 1683 1882 1998 1298 1623 1611 1363 1790 1773 1953 1192 1140 1896 1842 1337 
29 18669 1056 1806 1945 1252 1161 1471 1338 1767 1126 1923 1777 1610 1442 1592 1788 1125 1475 1787 1424 1099 1398 1787 1889 1171 1740 1082 1312 1637 1924 1650 
30 15046 1981 1457 1449 1234 1618 1921 1572 1386 1047 1495 1163 1658 1938 1756 1447 1064 1232 1234 1488 1331 1633 1276 1221 1805 1017 1303 1117 1654 1228 1767 
