FILE: problems_kg_tiny/asym_10c-10
10 10 0
1 10608 1883 1773 1709 1942 1531 1537 1313 1000 1098 1809 
2 18859 1881 1765 1326 1999 1462 1529 1840 1592 1141 1053 
3 19928 1869 1192 1249 1540 1752 1431 1780 1784 1492 1663 
4 15586 1201 1606 1090 1739 1919 1091 1838 1729 1977 1720 
5 14942 1304 1720 1957 1833 1560 1549 1974 1613 1542 1844 
6 18069 1792 1384 1559 1223 1165 1344 1716 1829 1903 1918 
7 14354 1993 1657 1355 1085 1495 1084 1063 1215 1578 1367 
8 19359 1535 1201 1496 1084 1176 1110 1627 1020 1917 1419 
9 14053 1476 1643 1570 1821 1359 1399 1724 1277 1834 1718 
10 19349 1189 1804 1430 1273 1867 1646 1852 1234 1582 1387 
