FILE: problems_kg_tiny/asym_10a-3
10 10 0
1 149 1247 1334 1727 1561 1383 1376 1968 1755 1756 1642 
2 130 1472 1698 1455 1182 1171 1107 1482 1146 1527 1900 
3 181 1826 1746 1303 1707 1175 1647 1750 1986 1146 1998 
4 132 1874 1560 1705 1250 1528 1460 1007 1171 1766 1479 
5 186 1221 1661 1041 1329 1144 1187 1857 1044 1004 1683 
6 179 1308 1390 1966 1955 1141 1953 1102 1139 1274 1976 
7 170 1979 1227 1228 1440 1234 1399 1206 1714 1269 1428 
8 137 1310 1758 1520 1498 1615 1564 1503 1299 1354 1811 
9 168 1321 1767 1830 1274 1869 1970 1548 1846 1671 1527 
10 107 1900 1968 1309 1299 1175 1023 1569 1603 1399 1879 
