FILE: problems_kg_tiny/asym_20a-3
20 20 0
1 186 1665 1675 1421 1549 1355 1061 1790 1605 1424 1689 1427 1630 1650 1460 1377 1989 1739 1617 1636 1600 
2 106 1043 1733 1677 1611 1404 1655 1663 1928 1884 1526 1594 1560 1948 1144 1915 1010 1934 1520 1435 1624 
3 194 1065 1274 1408 1442 1263 1147 1059 1900 1747 1119 1943 1481 1796 1555 1886 1452 1219 1815 1337 1746 
4 140 1897 1694 1554 1813 1705 1488 1334 1140 1112 1282 1205 1387 1690 1647 1651 1838 1707 1551 1586 1827 
5 149 1068 1624 1050 1954 1076 1270 1769 1414 1016 1179 1312 1710 1733 1125 1415 1221 1459 1556 1334 1741 
6 176 1722 1432 1409 1373 1270 1116 1925 1856 1943 1420 1924 1567 1471 1879 1644 1741 1648 1058 1758 1827 
7 137 1468 1561 1496 1884 1783 1955 1441 1117 1697 1202 1840 1129 1611 1213 1400 1728 1139 1256 1671 1559 
8 118 1239 1031 1060 1883 1773 1709 1942 1531 1537 1313 1000 1098 1809 1885 1881 1765 1326 1999 1462 1529 
9 184 1592 1141 1053 1992 1869 1192 1249 1540 1752 1431 1780 1784 1492 1663 1558 1201 1606 1090 1739 1919 
10 109 1838 1729 1977 1720 1494 1304 1720 1957 1833 1560 1549 1974 1613 1542 1844 1806 1792 1384 1559 1223 
11 116 1344 1716 1829 1903 1918 1435 1993 1657 1355 1085 1495 1084 1063 1215 1578 1367 1935 1535 1201 1496 
12 108 1176 1110 1627 1020 1917 1419 1405 1476 1643 1570 1821 1359 1399 1724 1277 1834 1718 1934 1189 1804 
13 143 1273 1867 1646 1852 1234 1582 1387 1436 1078 1472 1612 1188 1100 1633 1105 1519 1038 1582 1162 1608 
14 140 1522 1008 1129 1799 1843 1847 1734 1032 1652 1165 1306 1519 1811 1159 1754 1394 1546 1190 1473 1019 
15 180 1662 1119 1436 1768 1639 1475 1350 1802 1083 1755 1324 1092 1884 1123 1935 1732 1858 1968 1384 1023 
16 127 1904 1835 1433 1658 1230 1980 1849 1703 1000 1652 1366 1119 1089 1134 1758 1564 1485 1560 1648 1240 
17 188 1740 1124 1008 1675 1857 1867 1643 1241 1891 1918 1146 1727 1352 1804 1957 1332 1654 1661 1333 1307 
18 102 1452 1396 1161 1211 1960 1646 1771 1608 1887 1656 1349 1011 1665 1024 1869 1533 1668 1110 1424 1586 
19 125 1151 1938 1062 1109 1271 1716 1770 1604 1023 1798 1057 1419 1960 1268 1380 1606 1040 1989 1493 1697 
20 133 1505 1363 1362 1374 1896 1030 1485 1321 1617 1742 1473 1556 1804 1583 1827 1521 1354 1432 1544 1152 
