FILE: problems_kg_tiny/asym_10c-2
10 10 0
1 15665 1053 1924 1480 1936 1046 1361 1932 1109 1848 1783 
2 19276 1588 1842 1920 1879 1647 1256 1459 1339 1775 1067 
3 13875 1349 1983 1794 1308 1175 1855 1605 1112 1422 1658 
4 10370 1902 1595 1083 1263 1527 1193 1112 1311 1121 1701 
5 11535 1041 1581 1800 1297 1041 1139 1072 1109 1527 1421 
6 10927 1322 1730 1268 1177 1335 1380 1600 1994 1417 1502 
7 15898 1501 1766 1117 1695 1879 1428 1816 1581 1582 1857 
8 11630 1382 1155 1204 1522 1227 1313 1049 1649 1406 1371 
9 13797 1674 1549 1715 1055 1149 1710 1473 1652 1300 1975 
10 14194 1417 1670 1299 1846 1486 1880 1428 1344 1043 1811 
