== PROBLEM ==
# N_FACILITIES: 500
# N_CLIENTS: 500
# SIZE_RESTRICTION_MINIMUM: -1
# SIZE_RESTRICTION_MAXIMUM: -1

== RUN DATA ==
# FILTER: BETTER_THAN_ALL_PARENTS (3)
# TARGET_SOLS: 1
# PRECOMP_CLIENT_OPTIMAL_GAIN: 0.000000
# N_THREADS: 4
# SELECT_ONLY_TERMINAL: 1
# LOCAL_SEARCH: SWAP_RESENDE_WERNECK
# LOCAL_SEARCH_BEFORE_SELECT: 1
# LOCAL_SEARCH_REM_MOVEMENT: 1
# LOCAL_SEARCH_ADD_MOVEMENT: 1
# BRANCHING_FACTOR: 8
# BRANCHING_FACTOR_CORRECTION: 1
# PATH_RELINKING: PATH_RELINKING_UNTIL_NO_BETTER
# PATH_RELINKING_LOCAL_SEARCH: SWAP_RESENDE_WERNECK
# RANDOM_SEED: 1621838884
# RESTARTS: 1
# VERBOSE: 0
# BRANCH_AND_BOUND: 0 (deprecated)
# LOWER_BOUND: -99169.000000 

# REDUCTION: sdbs+:400:mgesum _best:800
# INPUT_FILE: "problems_kmedian_original/500-1000"
# CPU_TIME: 6232.739746
# ELAPSED: 2189.408936
# VIRT_MEM_PEAK_KB: 1343000
# TOTAL_ITERATIONS: 359

== LOCAL SEARCH INFO ==
# LOCAL_SEARCH_CPU_TIME: 98.620000
# N_LOCAL_SEARCHES: 202101
# AVG_LOCAL_SEARCH_MOVES: 1.181206

== PATH RELINKING INFO ==
# PATH_RELINKING_CPU_TIME: 575.400000
== FIRST RESTART INFO ==
# FIRST_ITERATIONS: 359
# FIRST_PER_SIZE_SOLS:             1    500   3180   3198   3200   3200   3198   3200   3200   3199   3195   3198   3197   3198   3196   3200   3199   3196   3193   3198   3194   3191   3196   3195   3192   3194   3188   3187   3193   3178   3185   3187   3184   3189   3185   3178   3186   3180   3175   3165   3170   3169   3175   3157   3168   3149   3161   3160   3153   3144   3155   3141   3148   3155   3137   3133   3133   3123   3127   3134   3099   3115   3110   3112   3087   3090   3087   3087   3084   3071   3069   3078   3055   3067   3079   3037   3057   3048   3025   3022   3010   3017   3024   3040   2987   2989   2979   2997   2985   2961   2949   2972   2957   2940   2943   2918   2905   2905   2911   2888   2891   2881   2890   2861   2888   2870   2855   2824   2855   2820   2821   2825   2817   2775   2789   2785   2818   2795   2786   2776   2756   2760   2704   2727   2717   2739   2746   2686   2707   2678   2650   2655   2685   2668   2644   2626   2596   2631   2572   2595   2552   2541   2571   2592   2559   2573   2511   2555   2462   2530   2508   2474   2468   2448   2498   2451   2436   2469   2499   2415   2400   2408   2415   2364   2380   2367   2383   2373   2297   2278   2332   2337   2297   2269   2289   2254   2288   2239   2228   2246   2227   2188   2183   2218   2245   2173   2180   2148   2137   2193   2136   2081   2086   2093   2122   2113   2079   2069   2111   2033   2028   2007   2015   2021   1986   1973   1994   1998   2010   1955   1960   1957   1955   1914   1923   1888   1844   1862   1921   1851   1832   1821   1822   1804   1813   1786   1772   1819   1777   1753   1741   1705   1752   1739   1748   1725   1662   1683   1669   1659   1657   1605   1585   1641   1635   1595   1573   1564   1579   1520   1553   1553   1482   1471   1517   1494   1495   1470   1443   1397   1434   1419   1373   1364   1395   1343   1348   1386   1324   1300   1269   1298   1279   1278   1316   1304   1266   1223   1236   1193   1180   1225   1161   1178   1099   1098   1119   1106   1144   1078   1055   1086   1063   1053   1021   1002    993    971    972    951    935    937    950    940    905    859    901    823    786    855    823    756    753    753    729    742    721    708    714    672    630    675    680    632    645    609    607    585    623    545    575    559    549    554    493    539    520    421    462    477    430    467    431    439    445    378    349    321    301    245    194    116     89     73     49     25     11      5      4
# FIRST_PER_SIZE_SOLS_RED:         1    400    400    400    400    400    400    400    400    400    400    400    400    400    400    400    400    400    400    400    400    400    400    400    400    400    400    400    400    400    400    400    400    400    400    400    400    400    400    400    400    400    400    400    400    400    400    400    400    400    400    400    400    400    400    400    400    400    400    400    400    400    400    400    400    400    400    400    400    400    400    400    400    400    400    400    400    400    400    400    400    400    400    400    400    400    400    400    400    400    400    400    400    400    400    400    400    400    400    400    400    400    400    400    400    400    400    400    400    400    400    400    400    400    400    400    400    400    400    400    400    400    400    400    400    400    400    400    400    400    400    400    400    400    400    400    400    400    400    400    400    400    400    400    400    400    400    400    400    400    400    400    400    400    400    400    400    400    400    400    400    400    400    400    400    400    400    400    400    400    400    400    400    400    400    400    400    400    400    400    400    400    400    400    400    400    400    400    400    400    400    400    400    400    400    400    400    400    400    400    400    400    400    400    400    400    400    400    400    400    400    400    400    400    400    400    400    400    400    400    400    400    400    400    400    400    400    400    400    400    400    400    400    400    400    400    400    400    400    400    400    400    400    400    400    400    400    400    400    400    400    400    400    400    400    400    400    400    400    400    400    400    400    400    400    400    400    400    400    400    400    400    400    400    400    400    400    400    400    400    400    400    400    400    400    400    400    400    400    400    400    400    400    400    400    400    400    400    400    400    400    400    400    400    400    400    400    400    400    400    400    400    400    400    400    400    400    400    400    400    400    400    400    400    400    400    400    400    400    400    400    400    400    400    400    400    400    400    400    400    400    400    400    400    400    378    349    321    301    245    194    116     89     73     49     25     11      5      4
# FIRST_PER_SIZE_LOCAL_OPT:        0      0      0      0      0      0      0      0      0      0      0      0      0      0      0      0      0      0      0      0      0      0      0      0      0      0      0      0      0      0      0      0      0      0      0      0      0      0      0      0      0      0      0      0      0      0      0      0      0      0      0      0      0      0      0      0      0      0      0      0      0      0      0      0      0      0      0      0      0      0      0      0      0      0      0      0      0      0      0      0      0      0      0      0      0      0      0      0      0      0      0      0      0      0      0      0      0      0      0      0      0      0      0      0      0      0      0      0      0      0      0      0      0      0      0      0      0      0      0      0      0      0      0      0      0      0      0      0      0      0      0      0      0      0      0      0      0      0      0      0      0      0      0      0      0      0      0      0      0      0      0      0      0      0      0      0      0      0      0      0      0      0      0      0      0      0      0      0      0      0      0      0      0      0      0      0      0      0      0      0      0      0      0      0      0      0      0      0      0      0      0      0      0      0      0      0      0      0      0      0      0      0      0      0      0      0      0      0      0      0      0      0      0      0      0      0      0      0      0      0      0      0      0      0      0      0      0      0      0      0      0      0      0      0      0      0      0      0      0      0      0      0      0      0      0      0      0      0      0      0      0      0      0      0      0      0      0      0      0      0      0      0      0      0      0      0      0      0      0      0      0      0      0      0      0      0      0      0      0      0      0      0      0      0      0      0      0      0      0      0      0      0      0      0      0      0      0      0      0      0      0      0      0      0      0      0      0      0      0      0      0      0      0      0      0      0      0      0      0      0      0      0      0      0      0      0      0      0      0      0      0      0      0      0      0      0      0      0      0      0      0      0      0      0      0      0      0      0      0      0      0      0      0      0      0      0      0      0      0

== PER RESTART INFO ==
# RST        0 -99169.000000 6232.740000

== SOLUTIONS DATA ==
# OUTPUT_SOLUTIONS: 1

== SOLUTION ==
# VALUE: -99169.000000
# ASSIGNS: 0 1 2 198 4 5 6 7 296 9 10 11 222 10 241 314 16 17 18 19 20 21 376 23 24 25 26 27 28 29 30 31 32 33 34 35 36 142 38 39 40 41 286 43 44 45 46 47 296 49 425 51 52 181 179 55 157 57 58 59 60 61 62 63 64 65 16 67 68 69 363 71 72 426 365 75 76 77 312 163 80 81 82 5 167 85 86 87 88 210 90 118 132 133 129 95 153 97 202 71 100 222 102 103 104 105 106 107 108 35 214 111 112 113 114 115 116 117 118 119 120 121 122 152 124 49 126 127 178 129 484 131 132 133 167 236 136 52 138 139 140 453 142 143 144 145 146 263 148 149 425 151 152 153 154 155 156 157 158 159 160 161 162 163 164 165 166 167 411 169 34 171 113 173 68 175 176 265 178 179 180 181 112 183 184 283 374 100 188 189 335 107 192 193 194 95 312 397 198 199 200 201 202 203 243 205 71 207 464 161 210 211 234 213 214 266 216 9 179 219 487 279 222 223 395 225 374 227 228 267 289 231 232 312 234 235 236 237 1 239 240 241 242 243 244 245 246 247 248 249 250 52 252 253 320 255 71 173 258 259 355 414 262 263 264 265 266 267 268 242 270 486 268 273 274 275 276 107 278 279 231 281 282 283 252 285 286 287 30 289 290 427 292 236 103 10 296 297 298 299 458 153 302 303 304 447 484 307 308 169 464 479 312 379 314 315 181 317 318 319 320 321 322 323 324 61 165 234 328 320 373 331 21 333 334 335 289 337 338 203 129 24 342 423 344 36 34 347 348 349 350 425 352 364 202 355 356 426 157 359 360 375 362 363 364 365 47 292 473 369 370 371 372 373 374 375 376 377 43 379 365 381 382 383 384 385 235 334 388 389 121 391 392 393 421 395 396 397 398 399 27 401 402 397 404 405 259 407 81 409 104 411 333 241 414 415 485 417 169 419 420 421 129 423 424 425 426 427 347 429 430 240 335 433 434 435 198 392 438 411 47 441 314 443 444 454 446 447 448 180 157 451 231 453 454 396 423 457 458 414 460 214 1 463 464 465 466 144 307 469 470 471 211 473 474 475 476 477 317 479 480 481 482 117 484 485 486 487 488 489 235 491 75 376 240 149 331 364 498 499
# N_FACS: 334
# INDEXES: 0 1 2 4 5 6 7 9 10 11 16 17 18 19 20 21 23 24 25 26 27 28 29 30 31 32 33 34 35 36 38 39 40 41 43 44 45 46 47 49 51 52 55 57 58 59 60 61 62 63 64 65 67 68 69 71 72 75 76 77 80 81 82 85 86 87 88 90 95 97 100 102 103 104 105 106 107 108 111 112 113 114 115 116 117 118 119 120 121 122 124 126 127 129 131 132 133 136 138 139 140 142 143 144 145 146 148 149 151 152 153 154 155 156 157 158 159 160 161 162 163 164 165 166 167 169 171 173 175 176 178 179 180 181 183 184 188 189 192 193 194 198 199 200 201 202 203 205 207 210 211 213 214 216 219 222 223 225 227 228 231 232 234 235 236 237 239 240 241 242 243 244 245 246 247 248 249 250 252 253 255 258 259 262 263 264 265 266 267 268 270 273 274 275 276 278 279 281 282 283 285 286 287 289 290 292 296 297 298 299 302 303 304 307 308 312 314 315 317 318 319 320 321 322 323 324 328 331 333 334 335 337 338 342 344 347 348 349 350 352 355 356 359 360 362 363 364 365 369 370 371 372 373 374 375 376 377 379 381 382 383 384 385 388 389 391 392 393 395 396 397 398 399 401 402 404 405 407 409 411 414 415 417 419 420 421 423 424 425 426 427 429 430 433 434 435 438 441 443 444 446 447 448 451 453 454 457 458 460 463 464 465 466 469 470 471 473 474 475 476 477 479 480 481 482 484 485 486 487 488 489 491 498 499 
FAC 0 : 0
FAC 1 : 1 238 462
FAC 2 : 2
FAC 4 : 4
FAC 5 : 5 83
FAC 6 : 6
FAC 7 : 7
FAC 9 : 9 217
FAC 10 : 10 13 295
FAC 11 : 11
FAC 16 : 16 66
FAC 17 : 17
FAC 18 : 18
FAC 19 : 19
FAC 20 : 20
FAC 21 : 21 332
FAC 23 : 23
FAC 24 : 24 341
FAC 25 : 25
FAC 26 : 26
FAC 27 : 27 400
FAC 28 : 28
FAC 29 : 29
FAC 30 : 30 288
FAC 31 : 31
FAC 32 : 32
FAC 33 : 33
FAC 34 : 34 170 346
FAC 35 : 35 109
FAC 36 : 36 345
FAC 38 : 38
FAC 39 : 39
FAC 40 : 40
FAC 41 : 41
FAC 43 : 43 378
FAC 44 : 44
FAC 45 : 45
FAC 46 : 46
FAC 47 : 47 366 440
FAC 49 : 49 125
FAC 51 : 51
FAC 52 : 52 137 251
FAC 55 : 55
FAC 57 : 57
FAC 58 : 58
FAC 59 : 59
FAC 60 : 60
FAC 61 : 61 325
FAC 62 : 62
FAC 63 : 63
FAC 64 : 64
FAC 65 : 65
FAC 67 : 67
FAC 68 : 68 174
FAC 69 : 69
FAC 71 : 71 99 206 256
FAC 72 : 72
FAC 75 : 75 492
FAC 76 : 76
FAC 77 : 77
FAC 80 : 80
FAC 81 : 81 408
FAC 82 : 82
FAC 85 : 85
FAC 86 : 86
FAC 87 : 87
FAC 88 : 88
FAC 90 : 90
FAC 95 : 95 195
FAC 97 : 97
FAC 100 : 100 187
FAC 102 : 102
FAC 103 : 103 294
FAC 104 : 104 410
FAC 105 : 105
FAC 106 : 106
FAC 107 : 107 191 277
FAC 108 : 108
FAC 111 : 111
FAC 112 : 112 182
FAC 113 : 113 172
FAC 114 : 114
FAC 115 : 115
FAC 116 : 116
FAC 117 : 117 483
FAC 118 : 91 118
FAC 119 : 119
FAC 120 : 120
FAC 121 : 121 390
FAC 122 : 122
FAC 124 : 124
FAC 126 : 126
FAC 127 : 127
FAC 129 : 94 129 340 422
FAC 131 : 131
FAC 132 : 92 132
FAC 133 : 93 133
FAC 136 : 136
FAC 138 : 138
FAC 139 : 139
FAC 140 : 140
FAC 142 : 37 142
FAC 143 : 143
FAC 144 : 144 467
FAC 145 : 145
FAC 146 : 146
FAC 148 : 148
FAC 149 : 149 495
FAC 151 : 151
FAC 152 : 123 152
FAC 153 : 96 153 301
FAC 154 : 154
FAC 155 : 155
FAC 156 : 156
FAC 157 : 56 157 358 450
FAC 158 : 158
FAC 159 : 159
FAC 160 : 160
FAC 161 : 161 209
FAC 162 : 162
FAC 163 : 79 163
FAC 164 : 164
FAC 165 : 165 326
FAC 166 : 166
FAC 167 : 84 134 167
FAC 169 : 169 309 418
FAC 171 : 171
FAC 173 : 173 257
FAC 175 : 175
FAC 176 : 176
FAC 178 : 128 178
FAC 179 : 54 179 218
FAC 180 : 180 449
FAC 181 : 53 181 316
FAC 183 : 183
FAC 184 : 184
FAC 188 : 188
FAC 189 : 189
FAC 192 : 192
FAC 193 : 193
FAC 194 : 194
FAC 198 : 3 198 436
FAC 199 : 199
FAC 200 : 200
FAC 201 : 201
FAC 202 : 98 202 354
FAC 203 : 203 339
FAC 205 : 205
FAC 207 : 207
FAC 210 : 89 210
FAC 211 : 211 472
FAC 213 : 213
FAC 214 : 110 214 461
FAC 216 : 216
FAC 219 : 219
FAC 222 : 12 101 222
FAC 223 : 223
FAC 225 : 225
FAC 227 : 227
FAC 228 : 228
FAC 231 : 231 280 452
FAC 232 : 232
FAC 234 : 212 234 327
FAC 235 : 235 386 490
FAC 236 : 135 236 293
FAC 237 : 237
FAC 239 : 239
FAC 240 : 240 431 494
FAC 241 : 14 241 413
FAC 242 : 242 269
FAC 243 : 204 243
FAC 244 : 244
FAC 245 : 245
FAC 246 : 246
FAC 247 : 247
FAC 248 : 248
FAC 249 : 249
FAC 250 : 250
FAC 252 : 252 284
FAC 253 : 253
FAC 255 : 255
FAC 258 : 258
FAC 259 : 259 406
FAC 262 : 262
FAC 263 : 147 263
FAC 264 : 264
FAC 265 : 177 265
FAC 266 : 215 266
FAC 267 : 229 267
FAC 268 : 268 272
FAC 270 : 270
FAC 273 : 273
FAC 274 : 274
FAC 275 : 275
FAC 276 : 276
FAC 278 : 278
FAC 279 : 221 279
FAC 281 : 281
FAC 282 : 282
FAC 283 : 185 283
FAC 285 : 285
FAC 286 : 42 286
FAC 287 : 287
FAC 289 : 230 289 336
FAC 290 : 290
FAC 292 : 292 367
FAC 296 : 8 48 296
FAC 297 : 297
FAC 298 : 298
FAC 299 : 299
FAC 302 : 302
FAC 303 : 303
FAC 304 : 304
FAC 307 : 307 468
FAC 308 : 308
FAC 312 : 78 196 233 312
FAC 314 : 15 314 442
FAC 315 : 315
FAC 317 : 317 478
FAC 318 : 318
FAC 319 : 319
FAC 320 : 254 320 329
FAC 321 : 321
FAC 322 : 322
FAC 323 : 323
FAC 324 : 324
FAC 328 : 328
FAC 331 : 331 496
FAC 333 : 333 412
FAC 334 : 334 387
FAC 335 : 190 335 432
FAC 337 : 337
FAC 338 : 338
FAC 342 : 342
FAC 344 : 344
FAC 347 : 347 428
FAC 348 : 348
FAC 349 : 349
FAC 350 : 350
FAC 352 : 352
FAC 355 : 260 355
FAC 356 : 356
FAC 359 : 359
FAC 360 : 360
FAC 362 : 362
FAC 363 : 70 363
FAC 364 : 353 364 497
FAC 365 : 74 365 380
FAC 369 : 369
FAC 370 : 370
FAC 371 : 371
FAC 372 : 372
FAC 373 : 330 373
FAC 374 : 186 226 374
FAC 375 : 361 375
FAC 376 : 22 376 493
FAC 377 : 377
FAC 379 : 313 379
FAC 381 : 381
FAC 382 : 382
FAC 383 : 383
FAC 384 : 384
FAC 385 : 385
FAC 388 : 388
FAC 389 : 389
FAC 391 : 391
FAC 392 : 392 437
FAC 393 : 393
FAC 395 : 224 395
FAC 396 : 396 455
FAC 397 : 197 397 403
FAC 398 : 398
FAC 399 : 399
FAC 401 : 401
FAC 402 : 402
FAC 404 : 404
FAC 405 : 405
FAC 407 : 407
FAC 409 : 409
FAC 411 : 168 411 439
FAC 414 : 261 414 459
FAC 415 : 415
FAC 417 : 417
FAC 419 : 419
FAC 420 : 420
FAC 421 : 394 421
FAC 423 : 343 423 456
FAC 424 : 424
FAC 425 : 50 150 351 425
FAC 426 : 73 357 426
FAC 427 : 291 427
FAC 429 : 429
FAC 430 : 430
FAC 433 : 433
FAC 434 : 434
FAC 435 : 435
FAC 438 : 438
FAC 441 : 441
FAC 443 : 443
FAC 444 : 444
FAC 446 : 446
FAC 447 : 305 447
FAC 448 : 448
FAC 451 : 451
FAC 453 : 141 453
FAC 454 : 445 454
FAC 457 : 457
FAC 458 : 300 458
FAC 460 : 460
FAC 463 : 463
FAC 464 : 208 310 464
FAC 465 : 465
FAC 466 : 466
FAC 469 : 469
FAC 470 : 470
FAC 471 : 471
FAC 473 : 368 473
FAC 474 : 474
FAC 475 : 475
FAC 476 : 476
FAC 477 : 477
FAC 479 : 311 479
FAC 480 : 480
FAC 481 : 481
FAC 482 : 482
FAC 484 : 130 306 484
FAC 485 : 416 485
FAC 486 : 271 486
FAC 487 : 220 487
FAC 488 : 488
FAC 489 : 489
FAC 491 : 491
FAC 498 : 498
FAC 499 : 499
