Instance	Objective value	Opened sites
ga500a-1	511383	22 28 52 59 65 70 73 79 86 90 100 103 111 126 142 152 156 173 177 189 199 205 208 219 221 234 245 246 260 265 269 275 280 299 301 303 313 375 378 397 410 419 430 463 475 486 490 494
ga500a-2	511255	34 51 54 70 84 116 120 122 126 144 155 158 169 177 188 193 195 204 212 213 218 222 223 238 255 289 313 315 321 333 338 345 360 372 391 397 399 401 413 415 437 450 466 470 476 478 485 487 500
ga500a-3	510810	12 33 36 37 44 49 55 65 75 85 88 92 94 96 114 132 145 148 150 166 178 184 185 187 192 196 201 220 241 252 257 278 285 288 290 303 340 364 367 370 375 378 386 393 431 451 474
ga500a-4	511008	18 19 29 35 39 42 43 49 56 65 74 78 102 119 138 140 144 155 188 197 204 214 267 273 280 281 282 293 317 329 340 346 350 360 364 371 377 388 404 411 417 419 430 436 448 456 466 484 496
ga500a-5	511226	4 11 14 22 34 36 38 40 47 51 55 95 100 120 123 125 127 133 155 174 181 183 199 216 229 283 284 301 316 321 326 328 332 336 348 369 371 380 382 387 390 397 399 424 429 487 488 491 497
ga500b-1	538060	34 100 127 153 156 176 184 189 199 236 277 375 378 379 410 430 470
ga500b-2	537850	28 34 51 137 212 213 225 238 241 245 249 268 315 336 338 344 459 478
ga500b-3	537921	36 66 92 94 166 185 187 189 241 290 300 303 326 340 370 393 431 474
ga500b-4	537925	24 138 204 282 293 329 330 343 360 388 396 436 448 451 456 466 484 496
ga500b-5	537482	2 14 55 123 124 135 142 147 181 183 231 258 259 349 360 382 399 414
gs500a-1	511187	6 22 42 53 55 58 94 95 115 116 120 121 126 127 129 144 149 154 164 171 173 212 239 252 270 285 294 300 320 321 327 335 336 343 352 377 379 384 385 389 399 420 426 429 434 442 464 490
gs500a-2	511179	9 50 53 62 70 99 109 110 115 124 168 169 175 185 198 202 204 218 229 233 241 247 269 276 289 290 294 295 301 316 333 335 336 356 358 376 383 394 400 422 426 437 439 453 457 459 460 463 464 470
gs500a-3	511106	7 17 28 38 41 55 65 67 74 84 86 110 117 147 152 153 162 173 212 219 223 244 256 259 269 271 273 287 300 301 308 310 365 369 371 377 381 385 394 401 413 417 421 437 453 456 493 494
gs500a-4	511137	9 10 14 18 56 67 68 84 87 93 95 123 124 136 137 161 165 173 180 189 194 196 202 217 229 231 258 273 277 281 290 350 356 359 363 371 378 380 390 391 435 438 453 458 464 484 490 491 495
gs500a-5	511293	3 4 7 13 15 30 40 47 60 69 78 86 122 123 136 153 156 159 160 171 174 185 192 231 233 234 235 250 251 257 268 281 304 312 316 322 331 338 384 391 411 424 431 444 459 460 481 498
gs500b-1	537931	22 29 45 82 102 112 116 193 215 257 258 313 385 410 440 468 470 471
gs500b-2	537763	24 70 85 95 115 168 233 247 329 356 358 382 383 408 437 439 457 488
gs500b-3	537854	7 41 116 216 235 245 255 269 273 279 287 299 308 333 347 371 392 429
gs500b-4	537742	76 91 103 120 132 142 165 171 173 212 230 351 380 406 437 438 447 491
gs500b-5	538270	3 7 13 40 65 105 153 185 226 235 319 322 372 384 431 444 460 486
ga750a-1	763520	2 18 35 50 52 67 69 71 74 105 110 111 117 118 127 152 155 209 219 233 234 242 263 280 296 305 309 316 330 335 346 381 430 431 435 446 449 457 478 484 494 512 538 540 548 559 564 587 616 640 644 647 650 667 680 689 711 713 716 729 738 745
ga750a-2	763623	1 18 40 45 71 102 104 109 110 114 120 126 131 144 150 154 168 170 180 183 211 214 227 234 235 237 239 259 283 288 289 296 301 316 351 352 357 359 362 369 375 382 387 436 447 455 491 511 528 530 539 550 581 582 615 642 644 645 673 684 710 722
ga750a-3	763684	49 68 71 75 88 95 101 109 113 127 183 202 206 212 254 266 295 298 334 339 349 356 361 379 389 400 415 419 428 433 436 439 446 447 450 464 465 483 506 560 561 565 570 575 580 581 585 590 606 626 627 645 657 666 669 679 682 694 698 731
ga750a-4	763941	25 54 79 87 99 100 104 108 112 149 154 160 163 169 176 195 224 226 258 266 271 279 291 292 303 305 319 324 326 363 386 400 413 416 418 420 437 454 468 487 496 534 536 551 561 568 628 635 636 652 656 669 672 684 693 695 703 718 733 737 748
ga750a-5	763786	18 34 35 67 75 77 80 87 93 117 119 146 161 167 168 187 189 195 224 228 235 246 247 271 315 320 325 329 359 365 367 373 389 411 421 424 426 429 452 456 475 476 507 522 523 524 532 553 562 565 578 588 655 678 702 706 709 713 734 736 747 749
ga750b-1	796454	58 67 71 100 117 184 214 335 346 386 478 484 512 559 589 593 616 647 662 711 720 745 746
ga750b-2	795963	1 45 109 110 144 168 182 214 235 237 239 283 288 296 308 329 375 505 637 644 645 712
ga750b-3	796130	53 68 101 202 206 215 254 298 334 356 404 408 464 560 570 575 596 604 669 673 726 728
ga750b-4	797013	47 52 55 104 115 128 149 154 202 232 266 303 358 434 468 551 635 639 672 704 733
ga750b-5	796312	29 42 49 87 99 182 193 194 218 224 351 363 373 376 380 456 473 523 667 685 700 746
ga750c-1	902026	214 418 476 587 593 644 711
ga750c-2	899651	1 170 182 235 237 564 590
ga750c-3	900010	68 101 173 215 439 548 616
ga750c-4	900044	128 144 154 279 413 456 704
ga750c-5	899235	14 344 376 456 577 659 685
gs750a-1	763671	2 20 52 64 75 89 93 124 128 130 143 147 177 199 205 218 232 236 237 240 264 279 281 289 305 317 320 335 336 374 393 403 404 425 453 458 466 468 482 487 496 518 538 541 545 554 555 564 602 609 637 651 658 659 663 669 672 681 682 706 713 729 743
gs750a-2	763548	1 19 24 62 64 70 92 93 94 100 108 113 134 137 146 157 178 180 186 213 225 265 268 278 281 325 334 336 341 348 362 393 397 398 411 444 451 460 462 493 494 498 504 554 574 575 594 595 620 625 628 636 639 646 650 661 721 724 735
gs750a-3	763702	6 22 35 38 46 66 96 110 117 119 133 135 171 182 192 230 250 287 288 291 317 354 357 360 367 374 385 392 396 409 412 425 437 450 458 463 465 487 499 510 528 554 561 562 583 596 609 612 624 640 677 688 702 710 715 721 728 732 746
gs750a-4	763887	2 4 24 26 34 56 78 80 81 95 107 115 117 123 136 139 145 146 151 172 174 190 241 243 258 266 269 294 305 323 332 346 377 388 399 412 434 443 459 473 477 498 500 522 530 536 537 551 558 573 603 617 640 641 656 666 669 673 721 722 740 749
gs750a-5	763614	3 12 31 46 54 65 74 88 91 96 102 104 112 114 119 135 150 182 198 202 207 231 234 288 302 317 356 359 386 394 397 410 411 417 421 425 483 579 582 587 607 612 638 644 654 662 663 669 672 680 693 707 716 720 721 725 731 744
gs750b-1	797026	41 45 67 75 128 130 213 232 237 242 279 281 313 428 487 538 573 658 698 699 725 743
gs750b-2	796170	1 10 108 126 191 213 214 257 265 314 336 341 348 367 444 450 494 508 617 636 639 650 661
gs750b-3	796589	22 26 64 135 171 192 281 291 304 317 446 462 484 553 561 583 702 706 715 727 728
gs750b-4	796709	4 59 81 95 107 113 165 174 179 190 238 248 261 294 305 355 431 459 616 641 654 721
gs750b-5	796365	3 31 74 90 104 200 281 302 359 392 394 427 487 540 549 568 593 627 635 693 707 709
gs750c-1	900363	67 112 128 428 479 603 639
gs750c-2	897886	29 92 108 265 336 494 639
gs750c-3	901089	6 44 304 583 624 680 698
gs750c-4	901239	26 139 151 287 522 628 721
gs750c-5	900216	104 198 302 557 607 635 707
