== PROBLEM ==
# N_FACILITIES: 1000
# N_CLIENTS: 1000
# SIZE_RESTRICTION_MINIMUM: -1
# SIZE_RESTRICTION_MAXIMUM: -1

== RUN DATA ==
# FILTER: BETTER_THAN_ALL_PARENTS (3)
# TARGET_SOLS: 1
# PRECOMP_CLIENT_OPTIMAL_GAIN: 0.000000
# N_THREADS: 4
# SELECT_ONLY_TERMINAL: 1
# LOCAL_SEARCH: SWAP_RESENDE_WERNECK
# LOCAL_SEARCH_BEFORE_SELECT: 1
# LOCAL_SEARCH_REM_MOVEMENT: 1
# LOCAL_SEARCH_ADD_MOVEMENT: 1
# BRANCHING_FACTOR: 8
# BRANCHING_FACTOR_CORRECTION: 1
# PATH_RELINKING: PATH_RELINKING_UNTIL_NO_BETTER
# PATH_RELINKING_LOCAL_SEARCH: SWAP_RESENDE_WERNECK
# RANDOM_SEED: 1621838261
# RESTARTS: 1
# VERBOSE: 0
# BRANCH_AND_BOUND: 0 (deprecated)
# LOWER_BOUND: -607878.000000 

# REDUCTION: sdbs+:200:mgesum _best:400
# INPUT_FILE: "problems_kmedian_original/1000-100"
# CPU_TIME: 226.690002
# ELAPSED: 63.658390
# VIRT_MEM_PEAK_KB: 635096
# TOTAL_ITERATIONS: 93

== LOCAL SEARCH INFO ==
# LOCAL_SEARCH_CPU_TIME: 56.930000
# N_LOCAL_SEARCHES: 40500
# AVG_LOCAL_SEARCH_MOVES: 5.625284

== PATH RELINKING INFO ==
# PATH_RELINKING_CPU_TIME: 119.180000
== FIRST RESTART INFO ==
# FIRST_ITERATIONS: 93
# FIRST_PER_SIZE_SOLS:             1   1000   1598   1597   1599   1598   1596   1597   1594   1587   1588   1590   1578   1583   1573   1571   1550   1548   1532   1525   1517   1507   1501   1470   1455   1433   1430   1425   1399   1362   1355   1344   1318   1273   1259   1235   1208   1162   1141   1091   1095   1035   1023   1016    964    936    939    853    847    843    833    778    765    703    723    626    573    554    580    538    517    515    424    448    424    384    418    376    347    323    317    299    280    269    244    237    220    223    233    183    170    138    124     91     79     47     30     10      9      8      7      2      2
# FIRST_PER_SIZE_SOLS_RED:         1    200    200    200    200    200    200    200    200    200    200    200    200    200    200    200    200    200    200    200    200    200    200    200    200    200    200    200    200    200    200    200    200    200    200    200    200    200    200    200    200    200    200    200    200    200    200    200    200    200    200    200    200    200    200    200    200    200    200    200    200    200    200    200    200    200    200    200    200    200    200    200    200    200    200    200    200    200    200    183    170    138    124     91     79     47     30     10      9      8      7      2      2
# FIRST_PER_SIZE_LOCAL_OPT:        0      0      0      0      0      0      0      0      0      0      0      0      0      0      0      0      0      0      0      0      0      0      0      0      0      0      0      0      0      0      0      0      0      0      0      0      0      0      0      0      0      0      0      0      0      0      0      0      0      0      0      0      0      0      0      0      0      0      0      0      0      0      0      0      0      0      0      0      0      0      0      0      0      0      0      0      0      0      0      0      0      0      0      0      0      0      0      0      0      0      0      0      0

== PER RESTART INFO ==
# RST        0 -607878.000000 226.690000

== SOLUTIONS DATA ==
# OUTPUT_SOLUTIONS: 1

== SOLUTION ==
# VALUE: -607878.000000
# ASSIGNS: 67 244 255 399 953 470 835 509 756 496 359 136 116 443 616 244 701 17 44 472 389 835 22 136 88 259 616 830 553 553 911 17 929 33 34 929 731 310 605 470 509 603 795 439 44 697 935 616 948 835 399 229 900 88 204 439 241 829 758 841 697 399 900 63 359 136 455 67 900 835 183 161 44 830 131 356 369 605 909 756 443 647 953 768 33 509 553 116 88 768 366 935 638 136 731 95 116 603 204 829 131 101 116 795 935 965 161 131 403 109 768 369 147 829 472 909 116 229 399 403 244 403 929 701 553 131 116 616 22 63 701 131 455 133 310 472 136 795 133 389 95 244 399 33 605 455 389 147 683 149 109 605 935 701 618 366 768 161 501 44 929 161 133 618 496 443 900 756 553 948 259 63 356 605 965 509 764 756 509 455 701 255 697 183 149 395 63 161 768 900 470 161 403 88 259 731 607 829 900 948 67 229 443 699 204 255 699 369 34 501 149 455 553 33 204 183 389 841 731 101 399 829 95 900 88 756 255 764 88 229 369 244 886 183 701 886 259 22 496 553 995 241 618 161 244 935 501 871 389 758 886 699 116 948 33 255 768 948 764 259 244 161 605 263 403 638 399 756 701 204 756 871 229 841 553 470 697 699 455 731 95 22 953 116 34 647 616 369 683 147 553 366 109 255 133 553 647 63 683 953 553 731 758 455 965 109 34 638 366 603 310 758 509 389 310 259 935 63 131 183 133 395 183 439 109 697 255 327 496 403 638 496 366 948 835 607 501 647 259 731 603 310 496 830 638 965 911 17 871 647 229 965 63 22 263 618 356 88 439 359 501 995 136 756 470 470 366 149 701 369 829 44 403 244 161 953 161 395 470 369 795 509 369 17 697 366 935 63 116 389 768 900 327 17 683 395 616 366 795 399 366 841 149 403 136 133 147 133 731 886 455 34 161 995 389 731 22 359 830 756 607 768 255 33 472 369 229 63 389 829 359 607 965 241 359 841 88 455 399 439 327 455 131 443 95 17 683 95 149 67 259 607 683 472 605 455 241 470 259 470 88 149 443 830 699 953 244 229 263 327 470 204 472 310 255 241 756 701 731 244 131 768 756 470 147 764 359 764 88 33 731 356 366 756 699 63 496 965 509 886 509 501 835 911 553 95 607 44 948 509 33 764 995 929 101 33 509 133 638 603 909 204 147 101 496 758 764 841 470 795 161 605 618 701 147 900 67 17 241 935 17 638 699 647 95 909 605 886 647 995 327 22 929 553 618 764 699 88 255 131 259 911 183 22 356 44 835 830 399 403 758 731 399 911 929 136 607 948 22 244 116 900 900 638 255 204 768 948 841 701 116 929 731 67 439 731 33 183 470 618 229 965 133 603 327 605 44 607 204 455 183 255 109 327 929 109 616 263 618 229 683 871 133 101 33 101 109 683 17 149 136 758 638 731 263 241 605 697 638 310 616 443 443 443 403 327 161 647 909 603 929 136 683 63 472 443 911 116 758 101 496 443 22 259 995 470 900 638 647 472 67 900 183 356 909 509 263 935 697 443 871 603 369 683 501 389 841 455 647 101 136 948 683 149 22 699 359 697 101 699 255 701 17 995 830 63 136 756 241 229 830 953 768 995 699 147 443 327 472 161 756 183 911 553 472 886 697 900 116 472 496 731 395 501 553 366 34 768 605 101 948 136 731 509 88 929 795 501 359 310 616 63 369 259 259 900 756 67 758 389 605 17 44 244 764 88 911 17 768 109 701 756 835 509 911 995 133 603 935 241 403 795 147 731 389 443 638 395 136 95 886 603 229 88 647 795 161 95 395 109 116 244 886 470 63 95 701 909 616 33 369 263 683 34 764 34 369 647 356 965 147 953 953 67 44 403 366 616 395 829 830 795 795 935 356 835 395 605 22 929 756 841 244 244 34 553 756 88 764 829 835 204 758 935 389 768 871 731 133 33 965 161 829 618 101 33 109 638 871 455 204 871 259 699 44 768 310 911 948 310 263 764 369 638 764 22 886 327 553 44 509 731 701 647 255 369 886 109 455 699 900 900 356 829 756 768 263 63 95 909 131 911 204 133 395 647 995 359 886 607 768 830 369 183 241 183 95 501 149 929 618 472 17 553 439 935 455 509 607 731 95 900 17 17 509 553 443 149 948 369 403 229 496 953 871 911 443 948 929 255 33 149 443 953 131 965 701 395 241 496 366 965 22 443 359 22 88 841 731 259 255 17 995 995 496 133 259 395 603 263 22 403 22 795 395 995 841 871 161 34
# N_FACS: 77
# INDEXES: 17 22 33 34 44 63 67 88 95 101 109 116 131 133 136 147 149 161 183 204 229 241 244 255 259 263 310 327 356 359 366 369 389 395 399 403 439 443 455 470 472 496 501 509 553 603 605 607 616 618 638 647 683 697 699 701 731 756 758 764 768 795 829 830 835 841 871 886 900 909 911 929 935 948 953 965 995 
FAC 17 : 17 31 347 383 393 445 537 540 628 702 761 767 932 942 943 981
FAC 22 : 22 128 237 281 353 416 551 563 578 662 694 838 885 972 975 990 992
FAC 33 : 33 84 143 213 254 423 489 510 515 596 624 809 859 865 960
FAC 34 : 34 208 284 306 411 736 813 815 844 999
FAC 44 : 18 44 72 159 371 507 565 606 762 824 874 889
FAC 63 : 63 129 171 186 297 317 352 387 427 495 653 705 751 804 907
FAC 67 : 0 67 200 449 536 593 670 757 823
FAC 88 : 24 53 88 193 224 228 357 436 460 488 557 744 765 793 847 976
FAC 95 : 95 140 222 280 444 447 505 544 789 797 805 908 926 940
FAC 101 : 101 219 514 523 623 625 659 689 698 739 864
FAC 109 : 109 150 292 305 324 612 615 626 769 799 866 897
FAC 116 : 12 87 96 102 116 126 252 283 388 580 590 657 728 800
FAC 131 : 74 100 107 125 131 318 442 480 559 910 964
FAC 133 : 133 138 162 294 320 405 407 517 602 622 776 858 913 985
FAC 136 : 11 23 65 93 136 362 404 575 630 651 690 706 741 788
FAC 147 : 112 147 289 406 484 522 534 715 782 820
FAC 149 : 149 184 210 367 402 448 461 629 693 928 947 961
FAC 161 : 71 106 157 161 187 191 243 261 374 376 412 530 646 719 796 861 998
FAC 183 : 70 183 215 233 319 322 562 597 610 672 721 923 925
FAC 204 : 54 98 204 214 269 471 521 585 608 851 870 912
FAC 229 : 51 117 201 229 272 350 426 467 600 619 709 792 951
FAC 241 : 56 241 433 456 475 538 635 708 779 924 968
FAC 244 : 1 15 120 141 231 244 260 373 466 479 579 763 801 842 843
FAC 255 : 2 181 205 226 255 293 326 422 474 558 584 611 700 894 959 980
FAC 259 : 25 170 194 236 259 315 338 450 458 560 663 753 754 872 979 986
FAC 263 : 263 354 468 617 634 676 811 880 906 989
FAC 310 : 37 134 310 314 341 473 639 749 876 879
FAC 327 : 327 392 440 469 550 604 613 645 717 887
FAC 356 : 75 172 356 491 564 673 818 834 902
FAC 359 : 10 64 359 417 430 434 486 696 748 917 974
FAC 366 : 90 155 291 308 332 366 385 397 400 492 735 826 970
FAC 369 : 76 111 207 230 287 369 379 382 425 682 752 810 816 882 895 922 949
FAC 389 : 20 139 146 216 248 313 389 414 428 685 759 784 854
FAC 395 : 185 321 377 395 732 787 798 828 836 914 967 987 994
FAC 399 : 3 50 61 118 142 220 266 399 438 568 572
FAC 403 : 108 119 121 192 264 329 372 403 569 644 780 825 950 991
FAC 439 : 43 55 323 358 439 594 934
FAC 443 : 13 80 165 202 443 462 641 642 643 655 661 679 716 785 946 956 962 973
FAC 455 : 66 132 145 179 211 278 303 410 437 441 455 609 687 869 898 936
FAC 470 : 5 39 190 275 364 365 378 457 459 470 483 528 598 665 803
FAC 472 : 19 114 135 424 453 472 654 669 718 724 729 931
FAC 496 : 9 164 238 328 331 342 496 524 660 730 952 969 984
FAC 501 : 158 209 246 336 360 501 684 733 747 927
FAC 509 : 7 40 85 175 178 312 381 498 500 509 516 675 743 773 890 937 944
FAC 553 : 28 29 86 124 168 212 239 274 290 295 300 504 553 723 734 845 888 933 945
FAC 603 : 41 97 309 340 519 603 649 681 777 791 988
FAC 605 : 38 77 144 151 173 262 454 531 546 605 636 738 760 837
FAC 607 : 196 335 420 431 451 506 576 607 919 938
FAC 616 : 14 26 47 127 286 396 616 640 750 808 827
FAC 618 : 154 163 242 355 532 554 599 618 863 930
FAC 638 : 92 265 307 330 344 518 541 583 632 638 667 786 867 883
FAC 647 : 81 285 296 337 349 543 548 647 668 688 794 817 893 915
FAC 683 : 148 288 298 394 446 452 620 627 652 683 692 812
FAC 697 : 45 60 182 276 325 384 637 678 697 726
FAC 699 : 203 206 251 277 464 494 542 556 695 699 714 873 899
FAC 701 : 16 123 130 153 180 234 268 368 477 533 589 701 770 806 892 966
FAC 731 : 36 94 195 218 279 301 339 408 415 478 490 571 592 595 633 731 742 783 857 891 939 978
FAC 756 : 8 79 167 177 225 267 270 363 419 476 482 493 707 720 756 771 840 846 904
FAC 758 : 58 249 302 311 525 570 631 658 758 852
FAC 764 : 176 227 258 485 487 511 526 555 764 814 848 881 884
FAC 768 : 83 89 110 156 188 256 390 421 481 586 712 737 768 855 875 905 920
FAC 795 : 42 103 137 380 398 529 746 781 795 831 832 993
FAC 829 : 57 99 113 197 221 370 429 829 849 862 903
FAC 830 : 27 73 343 418 463 567 704 710 830 921
FAC 835 : 6 21 49 69 334 502 566 772 835 850
FAC 841 : 59 217 273 401 435 527 588 686 841 977 996
FAC 871 : 247 271 348 621 680 856 868 871 954 997
FAC 886 : 232 235 250 409 499 547 725 790 802 886 896 918
FAC 900 : 52 62 68 166 189 198 223 391 535 581 582 666 671 727 755 900 901 941
FAC 909 : 78 115 520 545 648 674 807 909
FAC 911 : 30 346 503 561 573 656 722 766 774 877 911 955
FAC 929 : 32 35 122 160 513 552 574 591 614 650 745 839 929 958
FAC 935 : 46 91 104 152 245 316 386 539 677 778 833 853 935
FAC 948 : 48 169 199 253 257 333 508 577 587 691 740 878 948 957
FAC 953 : 4 82 282 299 375 465 711 821 822 953 963
FAC 965 : 105 174 304 345 351 432 497 601 819 860 965 971
FAC 995 : 240 361 413 512 549 664 703 713 775 916 982 983 995
