== PROBLEM ==
# N_FACILITIES: 1000
# N_CLIENTS: 1000
# SIZE_RESTRICTION_MINIMUM: -1
# SIZE_RESTRICTION_MAXIMUM: -1

== RUN DATA ==
# FILTER: BETTER_THAN_ALL_PARENTS (3)
# TARGET_SOLS: 1
# PRECOMP_CLIENT_OPTIMAL_GAIN: 0.000000
# N_THREADS: 4
# SELECT_ONLY_TERMINAL: 1
# LOCAL_SEARCH: SWAP_RESENDE_WERNECK
# LOCAL_SEARCH_BEFORE_SELECT: 1
# LOCAL_SEARCH_REM_MOVEMENT: 1
# LOCAL_SEARCH_ADD_MOVEMENT: 1
# BRANCHING_FACTOR: 8
# BRANCHING_FACTOR_CORRECTION: 1
# PATH_RELINKING: PATH_RELINKING_UNTIL_NO_BETTER
# PATH_RELINKING_LOCAL_SEARCH: SWAP_RESENDE_WERNECK
# RANDOM_SEED: 1621838296
# RESTARTS: 1
# VERBOSE: 0
# BRANCH_AND_BOUND: 0 (deprecated)
# LOWER_BOUND: -220560.000000 

# REDUCTION: sdbs+:200:mgesum _best:400
# INPUT_FILE: "problems_kmedian_original/1000-1000"
# CPU_TIME: 4358.470215
# ELAPSED: 1579.577148
# VIRT_MEM_PEAK_KB: 897240
# TOTAL_ITERATIONS: 424

== LOCAL SEARCH INFO ==
# LOCAL_SEARCH_CPU_TIME: 234.300000
# N_LOCAL_SEARCHES: 59098
# AVG_LOCAL_SEARCH_MOVES: 10.963941

== PATH RELINKING INFO ==
# PATH_RELINKING_CPU_TIME: 693.570000
== FIRST RESTART INFO ==
# FIRST_ITERATIONS: 424
# FIRST_PER_SIZE_SOLS:             1   1000   1597   1600   1600   1600   1600   1600   1600   1600   1600   1600   1600   1598   1600   1599   1598   1600   1598   1599   1598   1600   1599   1598   1599   1599   1598   1596   1598   1599   1597   1600   1600   1597   1598   1599   1598   1596   1597   1596   1596   1591   1592   1597   1590   1594   1592   1588   1593   1588   1587   1591   1593   1585   1584   1583   1582   1569   1577   1583   1582   1582   1582   1579   1577   1576   1573   1564   1571   1571   1558   1584   1564   1557   1556   1563   1563   1544   1546   1550   1552   1543   1540   1551   1521   1533   1541   1529   1540   1537   1530   1525   1519   1527   1510   1501   1534   1515   1497   1510   1516   1503   1504   1470   1477   1488   1487   1474   1512   1484   1462   1452   1470   1471   1448   1472   1468   1449   1449   1433   1434   1448   1435   1444   1444   1419   1411   1411   1416   1424   1408   1421   1420   1406   1404   1395   1411   1393   1361   1384   1349   1395   1361   1372   1369   1352   1371   1335   1362   1322   1321   1375   1332   1317   1297   1322   1301   1301   1285   1318   1271   1279   1272   1269   1316   1253   1272   1246   1246   1253   1236   1252   1227   1221   1215   1246   1207   1232   1215   1243   1210   1188   1201   1157   1211   1185   1172   1168   1168   1134   1154   1161   1111   1150   1127   1129   1103   1118   1109   1087   1089   1084   1095   1063   1096   1056   1085   1071   1071   1057   1052   1049   1022   1052   1056    996   1036   1042   1034   1020   1025   1015   1016    999   1007    961    966    946    973    954    963    977    942    959    966    931    895    927    919    910    903    888    899    901    897    868    877    854    829    870    844    870    846    859    843    859    848    829    819    803    798    812    801    782    765    762    756    785    770    759    736    733    735    766    743    722    712    762    750    694    727    736    663    686    702    696    675    665    671    640    664    654    639    646    605    588    628    628    586    641    624    595    631    579    614    600    567    573    584    580    558    533    569    549    521    521    550    550    517    475    487    488    533    536    504    473    486    472    466    493    496    473    456    448    429    441    423    440    432    420    421    456    408    407    409    418    397    384    361    380    376    376    333    363    365    348    374    341    358    339    347    352    342    337    330    329    334    346    285    321    294    290    317    292    284    300    283    297    306    296    281    298    290    285    273    251    259    244    250    245    259    239    248    236    223    218    238    212    223    205    186    177    190    198    179    177    160    140    104     87     73     51     36     25     15     13      8      5      4      4      2      2      3      1
# FIRST_PER_SIZE_SOLS_RED:         1    200    200    200    200    200    200    200    200    200    200    200    200    200    200    200    200    200    200    200    200    200    200    200    200    200    200    200    200    200    200    200    200    200    200    200    200    200    200    200    200    200    200    200    200    200    200    200    200    200    200    200    200    200    200    200    200    200    200    200    200    200    200    200    200    200    200    200    200    200    200    200    200    200    200    200    200    200    200    200    200    200    200    200    200    200    200    200    200    200    200    200    200    200    200    200    200    200    200    200    200    200    200    200    200    200    200    200    200    200    200    200    200    200    200    200    200    200    200    200    200    200    200    200    200    200    200    200    200    200    200    200    200    200    200    200    200    200    200    200    200    200    200    200    200    200    200    200    200    200    200    200    200    200    200    200    200    200    200    200    200    200    200    200    200    200    200    200    200    200    200    200    200    200    200    200    200    200    200    200    200    200    200    200    200    200    200    200    200    200    200    200    200    200    200    200    200    200    200    200    200    200    200    200    200    200    200    200    200    200    200    200    200    200    200    200    200    200    200    200    200    200    200    200    200    200    200    200    200    200    200    200    200    200    200    200    200    200    200    200    200    200    200    200    200    200    200    200    200    200    200    200    200    200    200    200    200    200    200    200    200    200    200    200    200    200    200    200    200    200    200    200    200    200    200    200    200    200    200    200    200    200    200    200    200    200    200    200    200    200    200    200    200    200    200    200    200    200    200    200    200    200    200    200    200    200    200    200    200    200    200    200    200    200    200    200    200    200    200    200    200    200    200    200    200    200    200    200    200    200    200    200    200    200    200    200    200    200    200    200    200    200    200    200    200    200    200    200    200    200    200    200    200    200    200    200    200    200    200    200    200    200    200    200    200    200    200    200    200    200    200    200    200    200    200    200    200    200    200    200    200    200    200    200    200    200    200    200    200    200    200    200    200    200    200    200    200    200    200    200    186    177    190    198    179    177    160    140    104     87     73     51     36     25     15     13      8      5      4      4      2      2      3      1
# FIRST_PER_SIZE_LOCAL_OPT:        0      0      0      0      0      0      0      0      0      0      0      0      0      0      0      0      0      0      0      0      0      0      0      0      0      0      0      0      0      0      0      0      0      0      0      0      0      0      0      0      0      0      0      0      0      0      0      0      0      0      0      0      0      0      0      0      0      0      0      0      0      0      0      0      0      0      0      0      0      0      0      0      0      0      0      0      0      0      0      0      0      0      0      0      0      0      0      0      0      0      0      0      0      0      0      0      0      0      0      0      0      0      0      0      0      0      0      0      0      0      0      0      0      0      0      0      0      0      0      0      0      0      0      0      0      0      0      0      0      0      0      0      0      0      0      0      0      0      0      0      0      0      0      0      0      0      0      0      0      0      0      0      0      0      0      0      0      0      0      0      0      0      0      0      0      0      0      0      0      0      0      0      0      0      0      0      0      0      0      0      0      0      0      0      0      0      0      0      0      0      0      0      0      0      0      0      0      0      0      0      0      0      0      0      0      0      0      0      0      0      0      0      0      0      0      0      0      0      0      0      0      0      0      0      0      0      0      0      0      0      0      0      0      0      0      0      0      0      0      0      0      0      0      0      0      0      0      0      0      0      0      0      0      0      0      0      0      0      0      0      0      0      0      0      0      0      0      0      0      0      0      0      0      0      0      0      0      0      0      0      0      0      0      0      0      0      0      0      0      0      0      0      0      0      0      0      0      0      0      0      0      0      0      0      0      0      0      0      0      0      0      0      0      0      0      0      0      0      0      0      0      0      0      0      0      0      0      0      0      0      0      0      0      0      0      0      0      0      0      0      0      0      0      0      0      0      0      0      0      0      0      0      0      0      0      0      0      0      0      0      0      0      0      0      0      0      0      0      0      0      0      0      0      0      0      0      0      0      0      0      0      0      0      0      0      0      0      0      0      0      0      0      0      0      0      0      0      0      0      0      0      0      0      0      0      0      0      0      0      0      0      0      0      0      0      0      0      0      0      0      0      0      0      0

== PER RESTART INFO ==
# RST        0 -220560.000000 4358.470000

== SOLUTIONS DATA ==
# OUTPUT_SOLUTIONS: 1

== SOLUTION ==
# VALUE: -220560.000000
# ASSIGNS: 0 1 959 3 375 39 21 7 270 9 434 651 116 13 14 15 514 31 18 654 414 21 22 23 744 259 14 27 553 723 955 31 839 33 815 745 301 37 38 39 509 41 398 43 565 325 3 47 508 21 142 619 666 53 471 55 708 113 658 59 697 61 582 63 206 23 66 67 68 69 70 71 72 73 763 397 76 77 974 493 165 81 963 920 84 85 723 116 744 518 308 245 92 741 94 95 96 309 214 113 131 101 116 832 104 967 861 964 108 626 390 111 112 113 654 115 116 117 118 119 763 121 574 701 124 811 252 14 128 63 234 131 944 138 37 453 741 621 138 389 908 1 142 859 738 410 784 147 446 367 150 531 778 523 163 366 256 161 158 18 160 161 294 163 164 165 68 771 553 508 560 186 356 38 174 175 511 493 312 410 180 181 697 183 184 798 186 374 768 582 528 796 121 436 315 731 196 197 535 199 200 201 443 206 204 293 206 207 208 209 184 66 212 213 214 183 389 996 208 659 399 221 222 223 53 493 181 814 744 117 369 466 232 233 234 232 754 885 164 945 240 708 242 161 244 245 336 247 248 249 790 699 252 577 254 293 256 577 258 259 843 861 262 617 121 92 118 270 701 214 270 947 426 273 274 275 697 277 278 742 444 128 282 728 736 647 616 369 446 715 723 308 292 293 294 723 296 804 446 711 300 301 249 410 304 626 799 518 308 309 639 852 312 389 885 315 245 63 131 319 985 321 597 323 142 325 326 327 331 108 330 331 366 691 21 196 336 296 338 478 309 37 342 27 638 345 774 31 621 647 619 965 63 353 811 163 356 557 358 434 209 549 741 270 365 365 366 367 180 369 221 186 372 244 374 375 71 798 39 76 746 944 111 767 697 385 935 387 453 389 390 666 327 31 446 321 396 397 398 399 400 59 928 121 703 858 406 602 94 886 410 736 754 995 414 301 885 417 73 846 420 920 959 33 669 562 426 427 248 221 294 431 432 475 434 977 436 66 572 323 327 278 910 443 444 31 446 908 367 67 456 880 652 453 454 410 456 457 458 459 460 947 946 463 464 92 466 709 617 645 528 471 654 639 959 475 846 234 478 15 131 390 482 528 112 555 974 781 557 624 920 491 308 493 494 495 660 965 937 499 509 927 502 767 553 908 431 874 508 509 84 511 982 736 514 33 937 858 518 603 520 204 147 523 164 852 764 273 528 396 374 531 532 533 406 535 670 31 475 539 31 541 542 647 222 115 77 499 296 549 604 22 574 553 618 555 542 557 980 910 560 955 562 563 356 565 566 567 399 108 249 920 572 911 574 575 778 577 578 843 252 68 582 638 584 214 920 199 686 701 728 929 592 67 594 731 33 597 275 233 619 965 602 603 604 531 889 196 204 609 70 300 150 613 999 615 616 617 618 619 446 621 138 523 624 101 626 627 942 365 651 631 92 731 811 635 454 637 638 639 616 679 443 165 372 645 161 647 674 41 839 651 652 186 654 13 766 657 658 659 660 443 22 259 995 627 666 638 81 669 670 223 183 834 674 85 617 935 207 679 871 988 682 446 158 414 686 609 670 101 741 691 692 184 128 699 434 697 659 699 293 701 767 703 27 63 575 707 708 709 567 711 256 983 714 715 443 604 718 374 707 183 911 723 724 790 726 582 728 669 9 731 828 927 945 735 736 768 738 514 948 741 742 85 744 745 746 747 417 37 396 495 752 315 754 666 846 0 658 784 38 31 762 763 764 765 766 767 768 799 502 771 502 509 774 775 985 603 778 475 278 781 275 742 784 946 330 828 738 95 790 988 426 557 794 746 796 95 798 799 116 244 790 457 804 805 234 674 616 809 111 811 692 208 814 815 111 817 356 819 147 282 711 542 874 121 366 258 828 221 463 746 832 245 834 21 321 454 22 839 846 996 244 843 815 845 846 557 222 849 21 851 852 935 784 875 928 478 858 859 432 861 197 242 659 809 292 638 247 66 471 871 259 699 874 875 876 766 508 876 880 258 76 638 764 885 886 613 553 889 312 94 701 817 326 369 896 626 609 277 68 535 566 113 707 768 880 804 908 674 910 911 471 602 967 81 549 417 886 196 920 463 207 183 456 233 444 927 928 929 618 654 943 124 934 935 936 937 431 731 940 941 942 943 944 945 946 947 948 369 119 201 331 711 871 955 956 199 929 959 859 367 165 963 964 965 701 967 635 969 970 174 578 165 974 353 436 977 731 315 980 943 982 983 164 985 259 828 988 989 353 119 128 746 666 995 996 947 374 999
# N_FACS: 377
# INDEXES: 0 1 3 7 9 13 14 15 18 21 22 23 27 31 33 37 38 39 41 43 47 53 55 59 61 63 66 67 68 69 70 71 72 73 76 77 81 84 85 92 94 95 96 101 104 108 111 112 113 115 116 117 118 119 121 124 128 131 138 142 147 150 158 160 161 163 164 165 174 175 180 181 183 184 186 196 197 199 200 201 204 206 207 208 209 212 213 214 221 222 223 232 233 234 240 242 244 245 247 248 249 252 254 256 258 259 262 270 273 274 275 277 278 282 292 293 294 296 300 301 304 308 309 312 315 319 321 323 325 326 327 330 331 336 338 342 345 353 356 358 365 366 367 369 372 374 375 385 387 389 390 396 397 398 399 400 406 410 414 417 420 426 427 431 432 434 436 443 444 446 453 454 456 457 458 459 460 463 464 466 471 475 478 482 491 493 494 495 499 502 508 509 511 514 518 520 523 528 531 532 533 535 539 541 542 549 553 555 557 560 562 563 565 566 567 572 574 575 577 578 582 584 592 594 597 602 603 604 609 613 615 616 617 618 619 621 624 626 627 631 635 637 638 639 645 647 651 652 654 657 658 659 660 666 669 670 674 679 682 686 691 692 697 699 701 703 707 708 709 711 714 715 718 723 724 726 728 731 735 736 738 741 742 744 745 746 747 752 754 762 763 764 765 766 767 768 771 774 775 778 781 784 790 794 796 798 799 804 805 809 811 814 815 817 819 828 832 834 839 843 845 846 849 851 852 858 859 861 871 874 875 876 880 885 886 889 896 908 910 911 920 927 928 929 934 935 936 937 940 941 942 943 944 945 946 947 948 955 956 959 963 964 965 967 969 970 974 977 980 982 983 985 988 989 995 996 999 
FAC 0 : 0 757
FAC 1 : 1 141
FAC 3 : 3 46
FAC 7 : 7
FAC 9 : 9 730
FAC 13 : 13 655
FAC 14 : 14 26 127
FAC 15 : 15 479
FAC 18 : 18 159
FAC 21 : 6 21 49 334 835 850
FAC 22 : 22 551 662 838
FAC 23 : 23 65
FAC 27 : 27 343 704
FAC 31 : 17 31 347 393 445 537 540 761
FAC 33 : 33 423 515 596
FAC 37 : 37 134 341 749
FAC 38 : 38 173 760
FAC 39 : 5 39 378
FAC 41 : 41 649
FAC 43 : 43
FAC 47 : 47
FAC 53 : 53 224
FAC 55 : 55
FAC 59 : 59 401
FAC 61 : 61
FAC 63 : 63 129 317 352 705
FAC 66 : 66 211 437 869
FAC 67 : 67 449 593
FAC 68 : 68 166 581 900
FAC 69 : 69
FAC 70 : 70 610
FAC 71 : 71 376
FAC 72 : 72
FAC 73 : 73 418
FAC 76 : 76 379 882
FAC 77 : 77 546
FAC 81 : 81 668 915
FAC 84 : 84 510
FAC 85 : 85 675 743
FAC 92 : 92 265 465 632
FAC 94 : 94 408 891
FAC 95 : 95 789 797
FAC 96 : 96
FAC 101 : 101 625 689
FAC 104 : 104
FAC 108 : 108 329 569
FAC 111 : 111 382 810 816
FAC 112 : 112 484
FAC 113 : 57 99 113 903
FAC 115 : 115 545
FAC 116 : 12 87 102 116 800
FAC 117 : 117 229
FAC 118 : 118 266
FAC 119 : 119 950 991
FAC 121 : 121 192 264 403 825
FAC 124 : 124 933
FAC 128 : 128 281 694 992
FAC 131 : 100 131 318 480
FAC 138 : 133 138 622
FAC 142 : 50 142 324
FAC 147 : 147 522 820
FAC 150 : 150 612
FAC 158 : 158 684
FAC 160 : 160
FAC 161 : 157 161 243 646
FAC 163 : 154 163 355
FAC 164 : 164 238 524 984
FAC 165 : 80 165 643 962 973
FAC 174 : 174 971
FAC 175 : 175
FAC 180 : 180 368
FAC 181 : 181 226
FAC 183 : 183 215 672 721 923
FAC 184 : 184 210 693
FAC 186 : 171 186 371 653
FAC 196 : 196 335 607 919
FAC 197 : 197 862
FAC 199 : 199 587 957
FAC 200 : 200
FAC 201 : 201 951
FAC 204 : 204 521 608
FAC 206 : 64 203 206
FAC 207 : 207 678 922
FAC 208 : 208 218 813
FAC 209 : 209 360
FAC 212 : 212
FAC 213 : 213
FAC 214 : 98 214 269 585
FAC 221 : 221 370 429 829
FAC 222 : 222 544 848
FAC 223 : 223 671
FAC 232 : 232 235
FAC 233 : 233 599 925
FAC 234 : 130 234 477 806
FAC 240 : 240
FAC 242 : 242 863
FAC 244 : 244 373 801 842
FAC 245 : 91 245 316 833
FAC 247 : 247 868
FAC 248 : 248 428
FAC 249 : 249 302 570
FAC 252 : 126 252 580
FAC 254 : 254
FAC 256 : 156 256 712
FAC 258 : 258 827 881
FAC 259 : 25 259 663 872 986
FAC 262 : 262
FAC 270 : 8 267 270 363
FAC 273 : 273 527
FAC 274 : 274
FAC 275 : 275 598 782
FAC 277 : 277 899
FAC 278 : 278 441 780
FAC 282 : 282 821
FAC 292 : 292 866
FAC 293 : 205 255 293 700
FAC 294 : 162 294 430
FAC 296 : 296 337 548
FAC 300 : 300 611
FAC 301 : 36 301 415
FAC 304 : 304
FAC 308 : 90 291 308 492
FAC 309 : 97 309 340
FAC 312 : 178 312 890
FAC 315 : 194 315 753 979
FAC 319 : 319
FAC 321 : 321 395 836
FAC 323 : 323 439
FAC 325 : 45 325
FAC 326 : 326 894
FAC 327 : 327 392 440
FAC 330 : 330 786
FAC 331 : 328 331 952
FAC 336 : 246 336
FAC 338 : 338
FAC 342 : 342
FAC 345 : 345
FAC 353 : 353 975 990
FAC 356 : 172 356 564 818
FAC 358 : 358
FAC 365 : 364 365 629
FAC 366 : 155 332 366 826
FAC 367 : 149 367 448 961
FAC 369 : 230 287 369 895 949
FAC 372 : 372 644
FAC 374 : 187 374 530 719 998
FAC 375 : 4 375
FAC 385 : 385
FAC 387 : 387
FAC 389 : 139 216 313 389
FAC 390 : 110 390 481
FAC 396 : 396 529 750
FAC 397 : 75 397
FAC 398 : 42 398
FAC 399 : 220 399 568
FAC 400 : 400
FAC 406 : 406 534
FAC 410 : 145 179 303 410 455
FAC 414 : 20 414 685
FAC 417 : 417 748 917
FAC 420 : 420
FAC 426 : 272 426 792
FAC 427 : 427
FAC 431 : 431 506 938
FAC 432 : 432 860
FAC 434 : 10 359 434 696
FAC 436 : 193 436 976
FAC 443 : 202 443 642 661 716
FAC 444 : 280 444 926
FAC 446 : 148 288 298 394 446 620 683
FAC 453 : 135 388 453
FAC 454 : 454 636 837
FAC 456 : 450 456 924
FAC 457 : 457 803
FAC 458 : 458
FAC 459 : 459
FAC 460 : 460
FAC 463 : 463 830 921
FAC 464 : 464
FAC 466 : 231 466
FAC 471 : 54 471 870 912
FAC 475 : 433 475 538 779
FAC 478 : 339 478 857
FAC 482 : 482
FAC 491 : 491
FAC 493 : 79 177 225 493
FAC 494 : 494
FAC 495 : 495 751
FAC 499 : 499 547
FAC 502 : 502 770 772
FAC 508 : 48 169 508 878
FAC 509 : 40 500 509 773
FAC 511 : 176 511
FAC 514 : 16 514 739
FAC 518 : 89 307 518
FAC 520 : 520
FAC 523 : 153 523 623
FAC 528 : 190 470 483 528
FAC 531 : 151 531 605
FAC 532 : 532
FAC 533 : 533
FAC 535 : 198 535 901
FAC 539 : 539
FAC 541 : 541
FAC 542 : 542 556 823
FAC 549 : 361 549 916
FAC 553 : 28 168 504 553 888
FAC 555 : 485 555
FAC 557 : 357 488 557 793 847
FAC 560 : 170 560
FAC 562 : 425 562
FAC 563 : 563
FAC 565 : 44 565
FAC 566 : 566 902
FAC 567 : 567 710
FAC 572 : 438 572
FAC 574 : 122 552 574
FAC 575 : 575 706
FAC 577 : 253 257 577
FAC 578 : 578 972
FAC 582 : 62 189 582 727
FAC 584 : 584
FAC 592 : 592
FAC 594 : 594
FAC 597 : 322 597
FAC 602 : 407 602 913
FAC 603 : 519 603 777
FAC 604 : 550 604 717
FAC 609 : 609 687 898
FAC 613 : 613 887
FAC 615 : 615
FAC 616 : 286 616 640 808
FAC 617 : 263 468 617 676
FAC 618 : 554 618 930
FAC 619 : 51 350 600 619
FAC 621 : 137 348 621
FAC 624 : 489 624
FAC 626 : 109 305 626 897
FAC 627 : 627 665
FAC 631 : 631
FAC 635 : 635 968
FAC 637 : 637
FAC 638 : 344 583 638 667 867 883
FAC 639 : 310 473 639
FAC 645 : 469 645
FAC 647 : 285 349 543 647
FAC 651 : 11 630 651
FAC 652 : 452 652
FAC 654 : 19 114 472 654 931
FAC 657 : 657
FAC 658 : 58 658 758
FAC 659 : 219 659 698 864
FAC 660 : 496 660
FAC 666 : 52 391 666 755 994
FAC 669 : 424 669 729
FAC 670 : 536 670 688
FAC 674 : 648 674 807 909
FAC 679 : 641 679
FAC 682 : 682
FAC 686 : 588 686
FAC 691 : 333 691
FAC 692 : 692 812
FAC 697 : 60 182 276 384 697
FAC 699 : 251 695 699 873
FAC 701 : 123 268 589 701 892 966
FAC 703 : 404 703
FAC 707 : 707 720 904
FAC 708 : 56 241 708
FAC 709 : 467 709
FAC 711 : 299 711 822 953
FAC 714 : 714
FAC 715 : 289 715
FAC 718 : 718
FAC 723 : 29 86 290 295 723
FAC 724 : 724
FAC 726 : 726
FAC 728 : 283 590 728
FAC 731 : 195 595 633 731 939 978
FAC 735 : 735
FAC 736 : 284 411 513 736
FAC 738 : 144 738 788
FAC 741 : 93 136 362 690 741
FAC 742 : 279 742 783
FAC 744 : 24 88 228 744
FAC 745 : 35 745
FAC 746 : 380 746 795 831 993
FAC 747 : 747
FAC 752 : 752
FAC 754 : 236 412 754
FAC 762 : 762
FAC 763 : 74 120 763
FAC 764 : 526 764 884
FAC 765 : 765
FAC 766 : 656 766 877
FAC 767 : 383 503 702 767
FAC 768 : 188 737 768 905
FAC 771 : 167 771
FAC 774 : 346 774
FAC 775 : 775
FAC 778 : 152 576 778
FAC 781 : 487 781
FAC 784 : 146 759 784 854
FAC 790 : 250 725 790 802
FAC 794 : 794
FAC 796 : 191 796
FAC 798 : 185 377 798
FAC 799 : 306 769 799
FAC 804 : 297 804 907
FAC 805 : 805
FAC 809 : 809 865
FAC 811 : 125 354 634 811
FAC 814 : 227 814
FAC 815 : 34 815 844
FAC 817 : 817 893
FAC 819 : 819
FAC 828 : 732 787 828 987
FAC 832 : 103 832
FAC 834 : 673 834
FAC 839 : 32 650 839
FAC 843 : 260 579 843
FAC 845 : 845
FAC 846 : 419 476 756 840 846
FAC 849 : 849
FAC 851 : 851
FAC 852 : 311 525 852
FAC 858 : 405 517 858
FAC 859 : 143 859 960
FAC 861 : 106 261 861
FAC 871 : 680 871 954
FAC 874 : 507 824 874
FAC 875 : 855 875
FAC 876 : 876 879
FAC 880 : 451 880 906
FAC 885 : 237 314 416 885
FAC 886 : 409 886 918
FAC 889 : 606 889
FAC 896 : 896
FAC 908 : 140 447 505 908
FAC 910 : 442 559 910
FAC 911 : 573 722 911
FAC 920 : 83 421 490 571 586 920
FAC 927 : 501 733 927
FAC 928 : 402 856 928
FAC 929 : 591 929 958
FAC 934 : 934
FAC 935 : 386 677 853 935
FAC 936 : 936
FAC 937 : 498 516 937
FAC 940 : 940
FAC 941 : 941
FAC 942 : 628 942
FAC 943 : 932 943 981
FAC 944 : 132 381 944
FAC 945 : 239 734 945
FAC 946 : 462 785 946
FAC 947 : 271 461 947 997
FAC 948 : 740 948
FAC 955 : 30 561 955
FAC 956 : 956
FAC 959 : 2 422 474 959
FAC 963 : 82 963
FAC 964 : 107 964
FAC 965 : 351 497 601 965
FAC 967 : 105 914 967
FAC 969 : 969
FAC 970 : 970
FAC 974 : 78 486 974
FAC 977 : 435 977
FAC 980 : 558 980
FAC 982 : 512 982
FAC 983 : 713 983
FAC 985 : 320 776 985
FAC 988 : 681 791 988
FAC 989 : 989
FAC 995 : 413 664 995
FAC 996 : 217 841 996
FAC 999 : 614 999
