== PROBLEM ==
# N_FACILITIES: 1500
# N_CLIENTS: 1500
# SIZE_RESTRICTION_MINIMUM: -1
# SIZE_RESTRICTION_MAXIMUM: -1

== RUN DATA ==
# FILTER: BETTER_THAN_ALL_PARENTS (3)
# TARGET_SOLS: 1
# PRECOMP_CLIENT_OPTIMAL_GAIN: 0.000000
# N_THREADS: 4
# SELECT_ONLY_TERMINAL: 1
# LOCAL_SEARCH: SWAP_RESENDE_WERNECK
# LOCAL_SEARCH_BEFORE_SELECT: 1
# LOCAL_SEARCH_REM_MOVEMENT: 1
# LOCAL_SEARCH_ADD_MOVEMENT: 1
# BRANCHING_FACTOR: 8
# BRANCHING_FACTOR_CORRECTION: 1
# PATH_RELINKING: PATH_RELINKING_UNTIL_NO_BETTER
# PATH_RELINKING_LOCAL_SEARCH: SWAP_RESENDE_WERNECK
# RANDOM_SEED: 1621838327
# RESTARTS: 1
# VERBOSE: 0
# BRANCH_AND_BOUND: 0 (deprecated)
# LOWER_BOUND: -334962.000000 

# REDUCTION: sdbs+:200:mgesum _best:400
# INPUT_FILE: "problems_kmedian_original/1500-1000"
# CPU_TIME: 5847.580078
# ELAPSED: 1842.467163
# VIRT_MEM_PEAK_KB: 1228076
# TOTAL_ITERATIONS: 467

== LOCAL SEARCH INFO ==
# LOCAL_SEARCH_CPU_TIME: 309.930000
# N_LOCAL_SEARCHES: 107519
# AVG_LOCAL_SEARCH_MOVES: 10.991667

== PATH RELINKING INFO ==
# PATH_RELINKING_CPU_TIME: 906.720000
== FIRST RESTART INFO ==
# FIRST_ITERATIONS: 467
# FIRST_PER_SIZE_SOLS:             1   1500   1599   1600   1600   1600   1600   1599   1600   1599   1600   1600   1600   1600   1599   1600   1599   1600   1598   1598   1599   1598   1599   1597   1599   1597   1597   1598   1596   1598   1595   1595   1599   1595   1597   1595   1594   1597   1594   1597   1593   1593   1596   1595   1593   1596   1591   1597   1593   1594   1588   1589   1589   1591   1589   1583   1590   1587   1587   1590   1577   1577   1578   1582   1579   1583   1588   1585   1586   1580   1576   1581   1579   1570   1574   1571   1575   1569   1575   1555   1560   1572   1561   1556   1562   1564   1552   1549   1554   1551   1547   1552   1545   1542   1550   1536   1532   1529   1540   1532   1534   1542   1527   1531   1533   1521   1518   1524   1531   1523   1529   1510   1513   1504   1499   1503   1492   1491   1501   1490   1489   1474   1474   1491   1486   1471   1491   1471   1450   1468   1475   1448   1462   1442   1472   1446   1443   1433   1435   1428   1421   1456   1418   1420   1392   1428   1410   1404   1425   1395   1382   1390   1407   1382   1380   1397   1364   1361   1349   1366   1368   1388   1343   1375   1336   1360   1342   1311   1350   1333   1344   1320   1319   1327   1315   1278   1297   1313   1278   1272   1308   1285   1276   1308   1239   1290   1257   1281   1260   1264   1232   1207   1242   1247   1228   1221   1271   1219   1202   1194   1229   1168   1198   1203   1156   1159   1161   1150   1162   1165   1120   1167   1159   1171   1123   1120   1116   1121   1125   1080   1126   1124   1114   1117   1092   1086   1083   1069   1088   1039   1052   1048   1077   1077   1042   1026   1053   1056   1017   1015   1018   1015    998   1005    978    990   1009    989    994    969    971    955    955    967    956    931    969    927    904    924    939    942    916    922    922    879    908    897    867    851    886    882    875    824    815    845    836    829    833    806    819    820    816    782    806    794    802    808    791    796    774    809    786    771    777    734    777    743    713    738    708    733    728    689    709    697    702    725    710    700    661    635    699    627    669    629    664    663    635    630    656    628    626    632    619    630    571    620    573    608    597    562    560    577    581    549    559    539    546    539    566    503    534    524    489    504    494    521    522    531    523    505    480    503    474    444    491    462    449    482    451    466    425    446    453    449    456    442    428    430    438    381    426    385    368    395    373    402    398    380    360    363    378    403    378    358    349    340    383    374    335    354    354    341    319    350    319    333    319    351    325    309    335    345    320    345    333    301    305    324    304    275    279    299    265    289    312    287    255    282    287    280    262    253    254    271    236    240    233    262    268    241    237    247    250    216    263    222    244    231    222    204    197    195    198    180    162    140    113     98     84     68     61     42     30     23     14     12     13     10     11      5      5      4      3      2      1
# FIRST_PER_SIZE_SOLS_RED:         1    200    200    200    200    200    200    200    200    200    200    200    200    200    200    200    200    200    200    200    200    200    200    200    200    200    200    200    200    200    200    200    200    200    200    200    200    200    200    200    200    200    200    200    200    200    200    200    200    200    200    200    200    200    200    200    200    200    200    200    200    200    200    200    200    200    200    200    200    200    200    200    200    200    200    200    200    200    200    200    200    200    200    200    200    200    200    200    200    200    200    200    200    200    200    200    200    200    200    200    200    200    200    200    200    200    200    200    200    200    200    200    200    200    200    200    200    200    200    200    200    200    200    200    200    200    200    200    200    200    200    200    200    200    200    200    200    200    200    200    200    200    200    200    200    200    200    200    200    200    200    200    200    200    200    200    200    200    200    200    200    200    200    200    200    200    200    200    200    200    200    200    200    200    200    200    200    200    200    200    200    200    200    200    200    200    200    200    200    200    200    200    200    200    200    200    200    200    200    200    200    200    200    200    200    200    200    200    200    200    200    200    200    200    200    200    200    200    200    200    200    200    200    200    200    200    200    200    200    200    200    200    200    200    200    200    200    200    200    200    200    200    200    200    200    200    200    200    200    200    200    200    200    200    200    200    200    200    200    200    200    200    200    200    200    200    200    200    200    200    200    200    200    200    200    200    200    200    200    200    200    200    200    200    200    200    200    200    200    200    200    200    200    200    200    200    200    200    200    200    200    200    200    200    200    200    200    200    200    200    200    200    200    200    200    200    200    200    200    200    200    200    200    200    200    200    200    200    200    200    200    200    200    200    200    200    200    200    200    200    200    200    200    200    200    200    200    200    200    200    200    200    200    200    200    200    200    200    200    200    200    200    200    200    200    200    200    200    200    200    200    200    200    200    200    200    200    200    200    200    200    200    200    200    200    200    200    200    200    200    200    200    200    200    200    200    200    200    200    200    200    200    200    200    200    200    200    200    200    200    200    200    200    200    200    200    200    200    200    200    200    200    200    200    200    200    200    200    200    200    200    200    200    200    200    200    200    200    200    200    200    200    197    195    198    180    162    140    113     98     84     68     61     42     30     23     14     12     13     10     11      5      5      4      3      2      1
# FIRST_PER_SIZE_LOCAL_OPT:        0      0      0      0      0      0      0      0      0      0      0      0      0      0      0      0      0      0      0      0      0      0      0      0      0      0      0      0      0      0      0      0      0      0      0      0      0      0      0      0      0      0      0      0      0      0      0      0      0      0      0      0      0      0      0      0      0      0      0      0      0      0      0      0      0      0      0      0      0      0      0      0      0      0      0      0      0      0      0      0      0      0      0      0      0      0      0      0      0      0      0      0      0      0      0      0      0      0      0      0      0      0      0      0      0      0      0      0      0      0      0      0      0      0      0      0      0      0      0      0      0      0      0      0      0      0      0      0      0      0      0      0      0      0      0      0      0      0      0      0      0      0      0      0      0      0      0      0      0      0      0      0      0      0      0      0      0      0      0      0      0      0      0      0      0      0      0      0      0      0      0      0      0      0      0      0      0      0      0      0      0      0      0      0      0      0      0      0      0      0      0      0      0      0      0      0      0      0      0      0      0      0      0      0      0      0      0      0      0      0      0      0      0      0      0      0      0      0      0      0      0      0      0      0      0      0      0      0      0      0      0      0      0      0      0      0      0      0      0      0      0      0      0      0      0      0      0      0      0      0      0      0      0      0      0      0      0      0      0      0      0      0      0      0      0      0      0      0      0      0      0      0      0      0      0      0      0      0      0      0      0      0      0      0      0      0      0      0      0      0      0      0      0      0      0      0      0      0      0      0      0      0      0      0      0      0      0      0      0      0      0      0      0      0      0      0      0      0      0      0      0      0      0      0      0      0      0      0      0      0      0      0      0      0      0      0      0      0      0      0      0      0      0      0      0      0      0      0      0      0      0      0      0      0      0      0      0      0      0      0      0      0      0      0      0      0      0      0      0      0      0      0      0      0      0      0      0      0      0      0      0      0      0      0      0      0      0      0      0      0      0      0      0      0      0      0      0      0      0      0      0      0      0      0      0      0      0      0      0      0      0      0      0      0      0      0      0      0      0      0      0      0      0      0      0      0      0      0      0      0      0      0      0      0      0      0      0      0      0      0      0      0      0      0      0      0      0      0      0      0      0      0      0      0      0      0      0      0      0      0      0      0      0      0      0      0      0

== PER RESTART INFO ==
# RST        0 -334962.000000 5847.580000

== SOLUTIONS DATA ==
# OUTPUT_SOLUTIONS: 1

== SOLUTION ==
# VALUE: -334962.000000
# ASSIGNS: 0 1 2 3 1065 5 6 7 8 1396 813 164 12 13 649 1355 111 17 1231 592 805 21 673 1169 932 255 26 27 1163 29 30 31 32 33 216 983 36 573 38 17 764 41 1106 43 258 29 647 1178 48 349 1364 51 1447 1300 756 703 56 1025 878 118 1068 315 714 21 64 65 66 1068 68 766 73 328 1092 73 74 75 1328 77 983 79 80 478 82 218 84 614 104 1355 1092 89 720 698 92 93 1385 95 96 97 642 725 1202 646 102 1374 104 603 431 236 1337 594 110 111 84 113 1374 854 1231 1188 118 119 308 1321 553 690 255 461 1308 127 356 759 1293 950 366 547 134 135 136 137 1129 577 12 1008 147 143 1104 1458 1067 147 148 149 150 854 240 431 154 805 204 342 865 935 646 878 345 7 164 165 166 1139 26 961 736 171 134 173 174 175 176 177 1128 1005 1114 1067 1427 183 698 1033 186 342 659 1248 190 961 573 577 148 29 164 532 198 199 93 815 1021 1231 204 495 703 1452 742 134 210 154 698 8 611 216 216 259 218 1086 1375 175 427 388 7 80 226 1455 1021 1455 230 283 165 233 119 1195 236 1129 238 579 240 173 407 1425 1086 1324 104 813 74 190 250 847 82 253 411 255 1478 1212 258 259 950 1328 878 931 171 1103 1321 267 268 1364 701 271 460 1114 274 74 276 866 573 565 757 623 282 283 284 285 647 1025 757 1452 135 925 431 1130 862 315 807 1418 1347 494 1011 301 756 689 5 305 774 307 308 1251 310 255 1375 1121 555 315 1305 328 400 319 255 849 1463 36 613 642 1451 327 328 566 548 366 48 925 334 494 336 1092 282 580 340 341 342 852 1398 345 118 471 464 349 350 950 724 1188 1128 671 356 357 1375 603 360 1076 362 809 327 1294 366 274 368 369 370 134 552 92 850 173 731 577 328 104 517 1300 382 1331 1295 385 1396 1054 388 1198 390 535 17 614 97 350 66 1033 1480 1137 400 1104 620 104 186 319 406 407 268 32 216 411 532 75 421 1294 21 1063 388 998 385 421 773 283 555 1294 259 427 175 961 29 431 432 73 349 542 1248 612 369 218 30 1277 807 629 1076 190 38 642 1121 915 310 673 678 453 878 455 989 1202 427 1241 460 461 462 258 464 1277 334 596 468 1048 470 471 613 705 1322 1347 1370 945 478 1268 532 31 1154 766 1486 485 486 315 27 489 350 780 830 493 494 495 552 883 805 1211 565 763 502 1478 102 1345 756 989 1486 1227 77 113 1030 766 595 632 1163 517 1085 555 825 521 1370 544 388 1308 714 271 698 529 340 731 532 960 769 535 536 1169 1337 1340 540 541 542 543 544 8 862 547 548 1067 147 1146 552 553 698 555 843 594 1115 542 349 1066 1198 1450 51 565 566 809 854 1005 570 862 629 573 592 759 1229 577 199 579 580 283 915 1212 1307 895 1069 1450 1229 471 871 341 592 593 594 595 596 671 177 768 56 541 548 603 1011 605 785 1450 1241 489 382 611 612 613 614 945 370 1009 1108 1486 620 543 1146 623 48 485 310 627 865 629 630 1009 632 633 1293 3 1277 637 127 796 1008 328 642 517 1418 592 646 647 981 649 945 486 3 462 1114 1293 253 657 1317 659 1033 852 240 283 731 283 73 1140 1063 1204 38 671 982 673 274 336 701 1067 678 1085 725 1419 1126 183 1416 400 573 876 594 689 690 612 883 627 694 432 93 486 698 1202 460 701 702 703 594 705 706 341 1427 84 1400 852 1069 713 714 238 366 186 718 902 720 1132 336 341 724 725 468 1204 1486 764 1277 731 736 368 734 1195 736 301 1374 1100 478 741 742 678 605 111 1419 900 1127 819 570 470 1429 1195 315 755 756 757 1463 759 1109 369 485 763 764 765 766 767 768 769 981 809 612 773 774 1419 1084 453 470 1154 780 580 889 815 784 785 555 1202 66 843 177 632 980 218 461 646 796 1451 166 1337 284 627 1128 271 592 805 32 807 876 809 31 1307 1331 813 495 815 1395 613 769 819 945 5 822 493 1127 825 1411 1021 186 1324 830 1067 832 65 1455 274 210 8 1293 579 148 1132 334 843 92 1127 1086 847 471 849 850 851 852 478 854 566 673 421 570 594 860 1429 862 630 612 865 866 736 33 30 1400 871 1331 860 1385 649 876 356 878 136 935 462 199 883 633 149 1085 1317 889 889 890 891 517 706 1429 895 1156 595 43 620 900 785 902 950 536 411 1085 350 914 1137 1263 637 529 64 914 915 1127 1411 1137 382 470 1171 1156 725 6 925 706 900 407 32 702 931 932 462 1092 935 1354 111 1375 1455 536 307 56 349 1021 945 593 780 1374 150 950 1227 847 43 1001 544 307 165 216 536 960 961 1374 31 73 51 216 464 2 93 411 1163 813 177 649 1139 532 1021 1263 1085 980 981 982 983 825 902 544 1425 238 989 632 199 1114 111 994 1229 613 765 998 267 1385 1001 614 68 283 1005 611 724 1008 1009 495 1011 768 104 1185 932 741 400 315 1063 165 1021 980 689 166 1025 1195 1202 1203 830 1030 611 1085 1033 702 1211 230 36 493 96 31 611 1 851 849 553 388 1047 1048 1478 1203 552 460 150 1054 1086 756 390 1300 713 226 895 33 1063 137 1065 1066 1067 1068 1069 276 805 1188 1229 1074 462 1076 236 199 678 950 79 982 542 1084 1085 1086 925 678 427 767 1067 1092 1344 689 945 932 66 104 705 1100 27 1204 1103 1104 406 1106 1370 1108 1109 2 1068 267 1154 1114 1115 1480 613 1251 1335 1396 1121 1001 876 283 742 1126 1127 1128 1129 1130 1321 1132 865 113 250 1066 1137 878 1139 1140 226 678 226 427 768 1146 74 862 494 41 370 1132 190 1154 1322 1156 175 134 259 796 702 1335 1163 1086 349 137 1114 32 1169 113 1171 147 1188 1174 1241 102 705 1178 1385 1103 327 400 998 305 1185 1345 1069 1188 925 1335 755 1074 1086 1447 1195 453 889 1198 319 718 390 1202 1203 1204 1132 460 769 774 755 216 1211 1212 350 876 694 328 1455 603 43 767 1 137 1109 900 1355 1400 1227 851 1229 570 1231 308 1455 623 605 31 765 914 1458 596 1241 862 1344 226 1106 883 149 1248 183 282 1251 1274 647 1452 1085 757 369 784 327 756 613 689 1263 1331 432 190 565 1268 720 1030 1126 32 1450 1274 385 307 1277 406 774 945 1178 883 233 110 742 780 1241 308 1454 1100 2 1398 1293 1294 1295 847 1185 1108 1317 1300 385 1335 925 267 1305 540 1307 1308 915 285 80 283 592 532 1385 614 1317 850 547 166 1321 1322 529 1324 1425 407 327 1328 766 902 1331 1373 1447 1274 1335 226 1337 1308 51 1340 486 647 1126 1344 1345 981 1347 1248 319 630 767 1146 1421 1354 1355 118 82 388 471 866 1293 356 632 1364 1009 68 642 961 1065 1370 368 177 1373 1374 1375 543 627 1294 259 1009 1171 983 13 1174 1385 327 1054 1421 421 690 1047 593 890 485 1395 1396 994 1398 388 1400 1337 1154 603 854 756 77 595 960 271 1086 1411 464 6 1340 925 1416 612 1418 1419 65 1421 489 1021 307 1425 1427 1427 632 1429 1418 1086 137 1047 611 165 327 308 931 1211 807 1174 56 595 147 1005 468 1447 30 871 1450 1451 1452 1169 1454 1455 994 199 1458 259 1202 164 468 1463 236 865 175 366 925 742 1425 102 1065 282 774 756 345 1104 1478 96 1480 613 1011 542 1268 230 1486 1005 174 400 0 175 1074 1274 1033 1011 612 210 1322 757
# N_FACS: 409
# INDEXES: 0 1 2 3 5 6 7 8 12 13 17 21 26 27 29 30 31 32 33 36 38 41 43 48 51 56 64 65 66 68 73 74 75 77 79 80 82 84 89 92 93 95 96 97 102 104 110 111 113 118 119 127 134 135 136 137 143 147 148 149 150 154 164 165 166 171 173 174 175 176 177 183 186 190 198 199 204 210 216 218 226 230 233 236 238 240 250 253 255 258 259 267 268 271 274 276 282 283 284 285 301 305 307 308 310 315 319 327 328 334 336 340 341 342 345 349 350 356 357 360 362 366 368 369 370 382 385 388 390 400 406 407 411 421 427 431 432 453 455 460 461 462 464 468 470 471 478 485 486 489 493 494 495 502 517 521 529 532 535 536 540 541 542 543 544 547 548 552 553 555 565 566 570 573 577 579 580 592 593 594 595 596 603 605 611 612 613 614 620 623 627 629 630 632 633 637 642 646 647 649 657 659 671 673 678 689 690 694 698 701 702 703 705 706 713 714 718 720 724 725 731 734 736 741 742 755 756 757 759 763 764 765 766 767 768 769 773 774 780 784 785 796 805 807 809 813 815 819 822 825 830 832 843 847 849 850 851 852 854 860 862 865 866 871 876 878 883 889 890 891 895 900 902 914 915 925 931 932 935 945 950 960 961 980 981 982 983 989 994 998 1001 1005 1008 1009 1011 1021 1025 1030 1033 1047 1048 1054 1063 1065 1066 1067 1068 1069 1074 1076 1084 1085 1086 1092 1100 1103 1104 1106 1108 1109 1114 1115 1121 1126 1127 1128 1129 1130 1132 1137 1139 1140 1146 1154 1156 1163 1169 1171 1174 1178 1185 1188 1195 1198 1202 1203 1204 1211 1212 1227 1229 1231 1241 1248 1251 1263 1268 1274 1277 1293 1294 1295 1300 1305 1307 1308 1317 1321 1322 1324 1328 1331 1335 1337 1340 1344 1345 1347 1354 1355 1364 1370 1373 1374 1375 1385 1395 1396 1398 1400 1411 1416 1418 1419 1421 1425 1427 1429 1447 1450 1451 1452 1454 1455 1458 1463 1478 1480 1486 
FAC 0 : 0 1490
FAC 1 : 1 1042 1221
FAC 2 : 2 968 1110 1291
FAC 3 : 3 635 652
FAC 5 : 5 304 821
FAC 6 : 6 924 1413
FAC 7 : 7 163 224
FAC 8 : 8 213 545 837
FAC 12 : 12 140
FAC 13 : 13 1383
FAC 17 : 17 39 392
FAC 21 : 21 63 416
FAC 26 : 26 168
FAC 27 : 27 488 1101
FAC 29 : 29 45 195 430
FAC 30 : 30 440 869 1448
FAC 31 : 31 481 810 963 1040 1236
FAC 32 : 32 409 806 929 1168 1272
FAC 33 : 33 868 1062
FAC 36 : 36 323 1037
FAC 38 : 38 446 670
FAC 41 : 41 1150
FAC 43 : 43 898 953 1219
FAC 48 : 48 332 624
FAC 51 : 51 564 965 1339
FAC 56 : 56 600 942 1442
FAC 64 : 64 913
FAC 65 : 65 833 1420
FAC 66 : 66 396 788 1097
FAC 68 : 68 1003 1366
FAC 73 : 70 73 433 666 964
FAC 74 : 74 248 275 1147
FAC 75 : 75 413
FAC 77 : 77 510 1406
FAC 79 : 79 1081
FAC 80 : 80 225 1311
FAC 82 : 82 252 1357
FAC 84 : 84 112 709
FAC 89 : 89
FAC 92 : 92 373 844
FAC 93 : 93 200 696 969
FAC 95 : 95
FAC 96 : 96 1039 1479
FAC 97 : 97 394
FAC 102 : 102 504 1176 1471
FAC 104 : 86 104 246 379 403 1013 1098
FAC 110 : 110 1284
FAC 111 : 16 111 745 937 993
FAC 113 : 113 511 1134 1170
FAC 118 : 59 118 346 1356
FAC 119 : 119 234
FAC 127 : 127 638
FAC 134 : 134 172 209 371 1158
FAC 135 : 135 290
FAC 136 : 136 879
FAC 137 : 137 1064 1166 1222 1432
FAC 143 : 143
FAC 147 : 142 147 550 1172 1444
FAC 148 : 148 194 840
FAC 149 : 149 885 1247
FAC 150 : 150 949 1053
FAC 154 : 154 211
FAC 164 : 11 164 196 1461
FAC 165 : 165 232 957 1020 1435
FAC 166 : 166 798 1024 1320
FAC 171 : 171 264
FAC 173 : 173 241 375
FAC 174 : 174 1488
FAC 175 : 175 221 428 1157 1466 1491
FAC 176 : 176
FAC 177 : 177 598 790 973 1372
FAC 183 : 183 683 1249
FAC 186 : 186 404 717 828
FAC 190 : 190 249 445 1153 1266
FAC 198 : 198
FAC 199 : 199 578 882 991 1078 1457
FAC 204 : 156 204
FAC 210 : 210 836 1497
FAC 216 : 34 215 216 410 958 966 1210
FAC 218 : 83 218 439 793
FAC 226 : 226 1060 1141 1143 1244 1336
FAC 230 : 230 1036 1485
FAC 233 : 233 1283
FAC 236 : 107 236 1077 1464
FAC 238 : 238 715 988
FAC 240 : 152 240 662
FAC 250 : 250 1135
FAC 253 : 253 656
FAC 255 : 25 124 255 311 320
FAC 258 : 44 258 463
FAC 259 : 217 259 426 1159 1379 1459
FAC 267 : 267 999 1112 1304
FAC 268 : 268 408
FAC 271 : 271 527 803 1409
FAC 274 : 274 367 674 835
FAC 276 : 276 1070
FAC 282 : 282 338 1250 1473
FAC 283 : 231 283 423 581 663 665 1004 1124 1312
FAC 284 : 284 800
FAC 285 : 285 1310
FAC 301 : 301 737
FAC 305 : 305 1184
FAC 307 : 307 941 956 1276 1424
FAC 308 : 120 308 1232 1288 1437
FAC 310 : 310 450 626
FAC 315 : 61 295 315 487 754 1018
FAC 319 : 319 405 1199 1349
FAC 327 : 327 364 1181 1259 1327 1386 1436
FAC 328 : 71 317 328 378 641 1216
FAC 334 : 334 466 842
FAC 336 : 336 675 722
FAC 340 : 340 530
FAC 341 : 341 591 707 723
FAC 342 : 157 187 342
FAC 345 : 162 345 1476
FAC 349 : 49 349 434 560 943 1165
FAC 350 : 350 395 490 907 1213
FAC 356 : 128 356 877 1362
FAC 357 : 357
FAC 360 : 360
FAC 362 : 362
FAC 366 : 132 331 366 716 1467
FAC 368 : 368 733 1371
FAC 369 : 369 438 761 1257
FAC 370 : 370 616 1151
FAC 382 : 382 610 919
FAC 385 : 385 420 1275 1301
FAC 388 : 223 388 418 524 1046 1358 1399
FAC 390 : 390 1057 1201
FAC 400 : 318 400 685 1017 1182 1489
FAC 406 : 406 1105 1278
FAC 407 : 242 407 928 1326
FAC 411 : 254 411 905 970
FAC 421 : 414 421 857 1389
FAC 427 : 222 427 458 1089 1144
FAC 431 : 106 153 292 431
FAC 432 : 432 695 1265
FAC 453 : 453 777 1196
FAC 455 : 455
FAC 460 : 272 460 700 1052 1206
FAC 461 : 125 461 794
FAC 462 : 462 653 881 933 1075
FAC 464 : 348 464 967 1412
FAC 468 : 468 726 1446 1462
FAC 470 : 470 751 778 920
FAC 471 : 347 471 589 848 1359
FAC 478 : 81 478 740 853
FAC 485 : 485 625 762 1394
FAC 486 : 486 651 697 1341
FAC 489 : 489 609 1422
FAC 493 : 493 823 1038
FAC 494 : 299 335 494 1149
FAC 495 : 205 495 814 1010
FAC 502 : 502
FAC 517 : 380 517 643 892
FAC 521 : 521
FAC 529 : 529 912 1323
FAC 532 : 197 412 480 532 976 1314
FAC 535 : 391 535
FAC 536 : 536 904 940 959
FAC 540 : 540 1306
FAC 541 : 541 601
FAC 542 : 435 542 559 1083 1483
FAC 543 : 543 621 1376
FAC 544 : 523 544 955 986
FAC 547 : 133 547 1319
FAC 548 : 330 548 602
FAC 552 : 372 496 552 1051
FAC 553 : 122 553 1045
FAC 555 : 314 424 519 555 786
FAC 565 : 279 500 565 1267
FAC 566 : 329 566 855
FAC 570 : 570 750 858 1230
FAC 573 : 37 192 278 573 686
FAC 577 : 139 193 377 577
FAC 579 : 239 579 839
FAC 580 : 339 580 781
FAC 592 : 19 574 592 645 804 1313
FAC 593 : 593 946 1392
FAC 594 : 109 557 594 688 704 859
FAC 595 : 514 595 897 1407 1443
FAC 596 : 467 596 1240
FAC 603 : 105 359 603 1218 1403
FAC 605 : 605 744 1235
FAC 611 : 214 611 1006 1031 1041 1434
FAC 612 : 437 612 691 772 864 1417 1496
FAC 613 : 324 472 613 817 996 1117 1261 1481
FAC 614 : 85 393 614 1002 1316
FAC 620 : 402 620 899
FAC 623 : 281 623 1234
FAC 627 : 627 693 801 1377
FAC 629 : 443 572 629
FAC 630 : 630 863 1350
FAC 632 : 515 632 791 990 1363 1428
FAC 633 : 633 884
FAC 637 : 637 911
FAC 642 : 98 325 447 642 1367
FAC 646 : 101 160 646 795
FAC 647 : 46 286 647 1253 1342
FAC 649 : 14 649 875 974
FAC 657 : 657
FAC 659 : 188 659
FAC 671 : 355 597 671
FAC 673 : 22 451 673 856
FAC 678 : 452 678 743 1079 1088 1142
FAC 689 : 303 689 1023 1094 1262
FAC 690 : 123 690 1390
FAC 694 : 694 1215
FAC 698 : 91 184 212 528 554 698
FAC 701 : 270 676 701
FAC 702 : 702 930 1034 1161
FAC 703 : 55 206 703
FAC 705 : 473 705 1099 1177
FAC 706 : 706 893 926
FAC 713 : 713 1059
FAC 714 : 62 526 714
FAC 718 : 718 1200
FAC 720 : 90 720 1269
FAC 724 : 352 724 1007
FAC 725 : 99 680 725 923
FAC 731 : 376 531 664 731
FAC 734 : 734
FAC 736 : 170 732 736 867
FAC 741 : 741 1016
FAC 742 : 208 742 1125 1285 1469
FAC 755 : 755 1191 1209
FAC 756 : 54 302 506 756 1056 1260 1405 1475
FAC 757 : 280 288 757 1256 1499
FAC 759 : 129 575 759
FAC 763 : 501 763
FAC 764 : 40 729 764
FAC 765 : 765 997 1237
FAC 766 : 69 483 513 766 1329
FAC 767 : 767 1090 1220 1351
FAC 768 : 599 768 1012 1145
FAC 769 : 534 769 818 1207
FAC 773 : 422 773
FAC 774 : 306 774 1208 1279 1474
FAC 780 : 491 780 947 1286
FAC 784 : 784 1258
FAC 785 : 606 785 901
FAC 796 : 639 796 1160
FAC 805 : 20 155 498 805 1071
FAC 807 : 296 442 807 1440
FAC 809 : 363 567 771 809
FAC 813 : 10 247 813 972
FAC 815 : 201 783 815
FAC 819 : 749 819
FAC 822 : 822
FAC 825 : 520 825 984
FAC 830 : 492 830 1029
FAC 832 : 832
FAC 843 : 556 789 843
FAC 847 : 251 847 952 1296
FAC 849 : 321 849 1044
FAC 850 : 374 850 1318
FAC 851 : 851 1043 1228
FAC 852 : 343 661 711 852
FAC 854 : 115 151 568 854 1404
FAC 860 : 860 873
FAC 862 : 294 546 571 862 1148 1242
FAC 865 : 158 628 865 1133 1465
FAC 866 : 277 866 1360
FAC 871 : 590 871 1449
FAC 876 : 687 808 876 1123 1214
FAC 878 : 58 161 262 454 878 1138
FAC 883 : 497 692 883 1246 1282
FAC 889 : 782 888 889 1197
FAC 890 : 890 1393
FAC 891 : 891
FAC 895 : 585 895 1061
FAC 900 : 747 900 927 1224
FAC 902 : 719 902 985 1330
FAC 914 : 908 914 1238
FAC 915 : 449 582 915 1309
FAC 925 : 291 333 925 1087 1189 1303 1415 1468
FAC 931 : 263 931 1438
FAC 932 : 24 932 1015 1096
FAC 935 : 159 880 935
FAC 945 : 477 615 650 820 945 1095 1280
FAC 950 : 131 260 351 903 950 1080
FAC 960 : 533 960 1408
FAC 961 : 169 191 429 961 1368
FAC 980 : 792 980 1022
FAC 981 : 648 770 981 1346
FAC 982 : 672 982 1082
FAC 983 : 35 78 983 1382
FAC 989 : 456 507 989
FAC 994 : 994 1397 1456
FAC 998 : 419 998 1183
FAC 1001 : 954 1001 1122
FAC 1005 : 179 569 1005 1445 1487
FAC 1008 : 141 640 1008
FAC 1009 : 617 631 1009 1365 1380
FAC 1011 : 300 604 1011 1482 1495
FAC 1021 : 202 228 827 944 977 1021 1423
FAC 1025 : 57 287 1025
FAC 1030 : 512 1030 1270
FAC 1033 : 185 397 660 1033 1494
FAC 1047 : 1047 1391 1433
FAC 1048 : 469 1048
FAC 1054 : 387 1054 1387
FAC 1063 : 417 668 1019 1063
FAC 1065 : 4 1065 1369 1472
FAC 1066 : 561 1066 1136
FAC 1067 : 146 181 549 677 831 1067 1091
FAC 1068 : 60 67 1068 1111
FAC 1069 : 586 712 1069 1187
FAC 1074 : 1074 1192 1492
FAC 1076 : 361 444 1076
FAC 1084 : 776 1084
FAC 1085 : 518 679 886 906 979 1032 1085 1255
FAC 1086 : 219 244 846 1055 1086 1164 1193 1410 1431
FAC 1092 : 72 88 337 934 1092
FAC 1100 : 739 1100 1290
FAC 1103 : 265 1103 1180
FAC 1104 : 144 401 1104 1477
FAC 1106 : 42 1106 1245
FAC 1108 : 618 1108 1298
FAC 1109 : 760 1109 1223
FAC 1114 : 180 273 654 992 1114 1167
FAC 1115 : 558 1115
FAC 1121 : 313 448 1121
FAC 1126 : 682 1126 1271 1343
FAC 1127 : 748 824 845 916 1127
FAC 1128 : 178 354 802 1128
FAC 1129 : 138 237 1129
FAC 1130 : 293 1130
FAC 1132 : 721 841 1132 1152 1205
FAC 1137 : 399 909 918 1137
FAC 1139 : 167 975 1139
FAC 1140 : 667 1140
FAC 1146 : 551 622 1146 1352
FAC 1154 : 482 779 1113 1154 1402
FAC 1156 : 896 922 1156
FAC 1163 : 28 516 971 1163
FAC 1169 : 23 537 1169 1453
FAC 1171 : 921 1171 1381
FAC 1174 : 1174 1384 1441
FAC 1178 : 47 1178 1281
FAC 1185 : 1014 1185 1297
FAC 1188 : 117 353 1072 1173 1188
FAC 1195 : 235 735 753 1026 1195
FAC 1198 : 389 562 1198
FAC 1202 : 100 457 699 787 1027 1202 1460
FAC 1203 : 1028 1050 1203
FAC 1204 : 669 727 1102 1204
FAC 1211 : 499 1035 1211 1439
FAC 1212 : 257 583 1212
FAC 1227 : 509 951 1227
FAC 1229 : 576 588 995 1073 1229
FAC 1231 : 18 116 203 1231
FAC 1241 : 459 608 1175 1241 1287
FAC 1248 : 189 436 1248 1348
FAC 1251 : 309 1118 1251
FAC 1263 : 910 978 1263
FAC 1268 : 479 1268 1484
FAC 1274 : 1252 1274 1334 1493
FAC 1277 : 441 465 636 730 1277
FAC 1293 : 130 634 655 838 1293 1361
FAC 1294 : 365 415 425 1294 1378
FAC 1295 : 384 1295
FAC 1300 : 53 381 1058 1300
FAC 1305 : 316 1305
FAC 1307 : 584 811 1307
FAC 1308 : 126 525 1308 1338
FAC 1317 : 658 887 1299 1317
FAC 1321 : 121 266 1131 1321
FAC 1322 : 474 1155 1322 1498
FAC 1324 : 245 829 1324
FAC 1328 : 76 261 1328
FAC 1331 : 383 812 872 1264 1331
FAC 1335 : 1119 1162 1190 1302 1335
FAC 1337 : 108 538 799 1337 1401
FAC 1340 : 539 1340 1414
FAC 1344 : 1093 1243 1344
FAC 1345 : 505 1186 1345
FAC 1347 : 298 475 1347
FAC 1354 : 936 1354
FAC 1355 : 15 87 1225 1355
FAC 1364 : 50 269 1364
FAC 1370 : 476 522 1107 1370
FAC 1373 : 1332 1373
FAC 1374 : 103 114 738 948 962 1374
FAC 1375 : 220 312 358 938 1375
FAC 1385 : 94 874 1000 1179 1315 1385
FAC 1395 : 816 1395
FAC 1396 : 9 386 1120 1396
FAC 1398 : 344 1292 1398
FAC 1400 : 710 870 1226 1400
FAC 1411 : 826 917 1411
FAC 1416 : 684 1416
FAC 1418 : 297 644 1418 1430
FAC 1419 : 681 746 775 1419
FAC 1421 : 1353 1388 1421
FAC 1425 : 243 987 1325 1425 1470
FAC 1427 : 182 708 1426 1427
FAC 1429 : 752 861 894 1429
FAC 1447 : 52 1194 1333 1447
FAC 1450 : 563 587 607 1273 1450
FAC 1451 : 326 797 1451
FAC 1452 : 207 289 1254 1452
FAC 1454 : 1289 1454
FAC 1455 : 227 229 834 939 1217 1233 1455
FAC 1458 : 145 1239 1458
FAC 1463 : 322 758 1463
FAC 1478 : 256 503 1049 1478
FAC 1480 : 398 1116 1480
FAC 1486 : 484 508 619 728 1486
