== PROBLEM ==
# N_FACILITIES: 1500
# N_CLIENTS: 1500
# SIZE_RESTRICTION_MINIMUM: -1
# SIZE_RESTRICTION_MAXIMUM: -1

== RUN DATA ==
# FILTER: BETTER_THAN_ALL_PARENTS (3)
# TARGET_SOLS: 1
# PRECOMP_CLIENT_OPTIMAL_GAIN: 0.000000
# N_THREADS: 4
# SELECT_ONLY_TERMINAL: 1
# LOCAL_SEARCH: SWAP_RESENDE_WERNECK
# LOCAL_SEARCH_BEFORE_SELECT: 1
# LOCAL_SEARCH_REM_MOVEMENT: 1
# LOCAL_SEARCH_ADD_MOVEMENT: 1
# BRANCHING_FACTOR: 8
# BRANCHING_FACTOR_CORRECTION: 1
# PATH_RELINKING: PATH_RELINKING_UNTIL_NO_BETTER
# PATH_RELINKING_LOCAL_SEARCH: SWAP_RESENDE_WERNECK
# RANDOM_SEED: 1621838304
# RESTARTS: 1
# VERBOSE: 0
# BRANCH_AND_BOUND: 0 (deprecated)
# LOWER_BOUND: -866454.000000 

# REDUCTION: sdbs+:200:mgesum _best:400
# INPUT_FILE: "problems_kmedian_original/1500-100"
# CPU_TIME: 613.710022
# ELAPSED: 197.612045
# VIRT_MEM_PEAK_KB: 870420
# TOTAL_ITERATIONS: 100

== LOCAL SEARCH INFO ==
# LOCAL_SEARCH_CPU_TIME: 244.360000
# N_LOCAL_SEARCHES: 58501
# AVG_LOCAL_SEARCH_MOVES: 6.703441

== PATH RELINKING INFO ==
# PATH_RELINKING_CPU_TIME: 271.320000
== FIRST RESTART INFO ==
# FIRST_ITERATIONS: 100
# FIRST_PER_SIZE_SOLS:             1   1500   1598   1599   1599   1600   1598   1597   1598   1596   1593   1593   1587   1579   1584   1577   1570   1550   1551   1549   1540   1543   1518   1520   1497   1498   1481   1466   1460   1436   1453   1392   1376   1352   1362   1328   1290   1288   1241   1250   1174   1189   1168   1116   1126   1088   1077   1072    998    975    999    959    941    873    861    817    797    778    721    733    698    656    665    640    588    570    579    555    544    493    472    416    440    407    411    377    334    310    307    275    278    285    254    265    232    219    224    208    172    161    144    117     93     57     40     23     11      6      3      2
# FIRST_PER_SIZE_SOLS_RED:         1    200    200    200    200    200    200    200    200    200    200    200    200    200    200    200    200    200    200    200    200    200    200    200    200    200    200    200    200    200    200    200    200    200    200    200    200    200    200    200    200    200    200    200    200    200    200    200    200    200    200    200    200    200    200    200    200    200    200    200    200    200    200    200    200    200    200    200    200    200    200    200    200    200    200    200    200    200    200    200    200    200    200    200    200    200    200    200    172    161    144    117     93     57     40     23     11      6      3      2
# FIRST_PER_SIZE_LOCAL_OPT:        0      0      0      0      0      0      0      0      0      0      0      0      0      0      0      0      0      0      0      0      0      0      0      0      0      0      0      0      0      0      0      0      0      0      0      0      0      0      0      0      0      0      0      0      0      0      0      0      0      0      0      0      0      0      0      0      0      0      0      0      0      0      0      0      0      0      0      0      0      0      0      0      0      0      0      0      0      0      0      0      0      0      0      0      0      0      0      0      0      0      0      0      0      0      0      0      0      0      0      0

== PER RESTART INFO ==
# RST        0 -866454.000000 613.710000

== SOLUTIONS DATA ==
# OUTPUT_SOLUTIONS: 1

== SOLUTION ==
# VALUE: -866454.000000
# ASSIGNS: 1467 792 1158 889 231 1097 147 224 65 9 650 196 758 582 220 15 16 582 1012 196 573 684 680 16 397 1116 531 1447 467 1249 868 1040 929 868 650 1287 1467 573 613 582 1067 1425 524 678 934 158 758 984 1017 1410 758 9 1447 582 506 158 1097 378 1040 889 934 295 1286 684 684 65 1097 934 359 1329 684 378 934 684 201 613 889 196 1287 467 1067 1460 335 1239 1087 1012 1446 15 934 1410 1017 1161 65 809 749 1447 1302 1425 984 680 1460 889 1176 1374 1446 359 1264 1083 633 65 758 16 1087 1170 1374 359 1012 569 889 338 16 555 864 1447 1116 1244 9 359 1017 1017 1329 1176 1467 684 1158 997 1012 881 441 1239 758 1170 147 582 1104 1239 1067 147 1419 1176 1009 359 1286 15 441 573 335 338 158 868 889 1040 489 224 196 1264 1286 1287 531 1239 1302 1329 1158 1249 1104 1446 995 842 561 569 984 1067 758 1249 1161 397 1287 338 147 650 979 1239 573 1239 1287 1249 196 397 809 1329 809 201 934 1012 201 1374 158 1329 633 1158 881 441 1161 65 15 650 1425 338 1239 1410 220 1446 441 524 224 1067 1244 939 934 939 1036 231 1264 1104 338 295 1083 441 1244 1009 1286 1249 555 1425 1410 295 1446 1104 995 397 1425 997 335 1012 929 1116 531 378 934 934 506 1244 1040 15 1329 1419 555 573 1176 1287 565 531 201 984 552 201 147 489 573 565 524 378 338 231 565 220 758 1040 524 1329 997 1087 15 565 397 295 295 201 801 335 582 65 506 1009 1097 939 224 864 524 1176 1097 1116 220 1446 555 295 561 378 1017 801 1116 1036 758 1467 613 984 467 868 378 1264 678 1467 1017 1087 842 335 1467 934 338 1067 1176 1036 338 147 531 489 889 561 929 1410 552 1176 997 569 561 565 1017 441 220 359 1116 934 506 809 868 1012 1467 552 1287 939 1287 1158 552 65 506 1249 531 1239 378 1446 359 582 650 1264 1419 979 9 1087 524 1104 1087 1158 582 565 1425 552 1097 397 1116 1170 1017 1104 1287 1446 1287 801 565 555 1176 929 1425 397 397 613 687 506 684 1036 524 1447 979 687 489 231 555 1012 934 441 1446 1239 1249 15 1158 684 1410 1083 650 864 939 1239 868 441 15 1158 934 979 613 196 1446 582 1097 680 678 441 1040 687 680 1460 441 1287 201 633 881 934 929 441 842 467 1446 984 1083 561 613 1083 687 801 201 650 1460 1161 397 1040 749 1329 1467 995 338 295 1447 489 1083 1286 1329 1161 335 1374 552 1302 573 231 565 1097 792 864 1176 678 506 1419 1467 1264 196 1170 929 1329 868 220 467 359 979 555 984 158 201 1087 524 9 1286 531 1161 749 1176 531 397 1104 979 1158 1374 16 633 506 633 995 1083 231 1087 65 792 684 678 1067 147 1116 552 338 1161 555 842 65 801 1083 1410 561 1012 809 9 565 1264 809 359 569 467 792 397 573 196 1374 995 1239 1329 1009 1067 231 582 378 680 842 1460 809 995 561 196 1036 196 997 65 868 467 565 842 1012 9 995 678 359 582 1249 1104 809 1287 489 650 15 864 613 565 650 1287 1009 582 1467 1287 231 1116 378 1017 995 1161 801 158 397 1067 1009 220 633 1329 889 441 335 359 889 1170 378 984 359 201 196 889 758 467 220 650 338 889 881 984 1329 506 1244 224 147 397 147 1286 231 531 231 684 1249 1036 881 613 565 506 680 552 1447 565 1067 678 979 680 1419 889 1249 684 1017 573 687 65 1009 1447 864 9 801 997 749 1239 864 1161 1460 201 565 1161 158 65 1083 555 1036 1419 687 65 147 633 1264 1286 889 1467 1287 467 1446 1017 1087 1467 1419 997 680 1446 881 1467 1067 441 531 1302 680 995 295 1302 65 1374 378 1460 335 633 678 1249 16 1419 1067 158 749 467 1083 582 295 295 359 506 524 758 1374 680 939 995 1097 1067 997 1329 16 1012 569 467 809 864 489 224 1419 1083 441 1083 749 1286 1067 889 201 201 1104 555 1460 1097 842 842 220 792 1239 633 889 224 231 1286 633 555 801 561 531 196 573 929 295 687 809 1040 680 1264 1104 1374 201 467 613 569 749 650 1097 561 1161 158 984 1419 9 1287 295 1329 1067 939 65 939 552 881 65 1329 1009 1419 1087 842 842 65 158 1410 997 561 1036 1176 939 147 1460 359 1264 680 687 467 65 1410 939 792 1467 864 158 489 1302 868 868 65 984 1264 1410 749 220 687 1374 1040 1012 231 881 569 9 633 1176 979 441 889 889 295 868 359 1036 939 842 1425 868 678 1287 801 650 1446 1176 1374 397 979 552 1447 1170 758 335 749 684 1447 582 158 1419 1170 650 1083 939 1425 680 147 1087 555 801 555 929 1161 15 397 881 934 555 441 16 220 939 1374 531 220 1410 934 650 997 1286 1374 1009 1176 1264 997 678 1410 1087 864 1264 1425 1374 1104 1239 1374 1040 684 9 650 929 1158 1239 378 467 650 842 220 1287 397 9 1425 979 792 467 506 1287 984 1446 1087 1425 1244 680 220 1329 984 16 680 995 613 997 1447 573 749 1410 565 1249 231 569 15 997 1170 1009 561 582 1012 1446 1286 397 335 1017 295 1036 1264 934 792 1009 1286 378 295 1460 995 1329 929 1161 979 397 1161 1447 1036 1467 1161 1302 1040 15 792 569 1036 338 524 65 984 1302 995 552 201 1009 1170 1410 506 1087 582 1264 1244 842 868 1036 881 868 561 1067 934 1460 147 573 569 995 1425 881 934 1083 1329 678 1176 467 506 1083 1083 979 1410 1087 678 441 16 1067 934 1009 1009 650 397 1097 1446 1083 378 1447 881 1419 1104 565 1286 201 582 680 1158 338 573 749 984 801 1116 613 1176 1302 9 1446 1244 687 231 633 224 158 561 441 1467 555 1087 158 1170 1425 561 1170 1040 1287 359 1244 678 1244 441 1012 1116 565 792 335 1425 1287 1087 397 749 687 1425 1446 1158 934 224 1161 1302 467 1410 1410 881 984 929 16 1170 939 147 569 552 1287 1176 1083 984 749 1419 868 1017 1447 939 1286 678 1017 569 1087 1302 359 1425 1410 1447 295 441 889 1104 801 467 1087 1460 995 881 1087 565 569 224 359 1425 1040 378 1083 687 997 792 939 359 1286 16 792 881 1419 801 15 65 1264 939 995 467 1012 524 939 378 1249 1040 997 1447 1239 467 1287 569 687 1244 524 9 506 650 1249 338 1176 1009 758 1329 979 524 939 201 868 506 613 1009 758 1264 1158 979 565 1161 1017 929 224 929 809 1009 979 864 441 868 224 650 984 9 1104 758 633 1286 1287 524 1446 378 1158 531 1329 1012 1419 997 1286 582 441 582 979 1302 1087 573 561 633 680 9 582 220 1067 231 1170 881 749 555 441 1176 684 1286 555 687 749 295 1425 555 868 1244 1329 1446 1264 1040 1447 1009 1302 1244 633 9 864 506 338 758 224 687 678 467 801 650 801 1067 16 1116 678 441 15 889 335 524 561 489 1329 1017 220 1287 1009 678 196 1239 868 201 1287 842 1040 1374 220 231 801 1012 338 1009 939 1287 939 552 749 868 1170 678 687 1447 65 997 295 995 467 9 680 531 524 65 613 749 359 359 506 196 868 1104 531 1410 1419 929 147 555 1087 684 864 201 1419 65 678 489 934 864 1425 758 758 220 147 201 1410 881 65 15 1264 868 16 15 231 295 552 1097 868 147 569 1446 1447 868 984 809 231 1329 16 1447 939 147 569 1239 934 1460 196 1446 758 489 158 1446 1467 1087 633 1425 1176 868 338 224 506 489 1104 531 1302 1116 613 582 1083 1161 1036 1467 569 1104 1017 1067 1446 1425 1009 397 582 864 881 687 524
# N_FACS: 85
# INDEXES: 9 15 16 65 147 158 196 201 220 224 231 295 335 338 359 378 397 441 467 489 506 524 531 552 555 561 565 569 573 582 613 633 650 678 680 684 687 749 758 792 801 809 842 864 868 881 889 929 934 939 979 984 995 997 1009 1012 1017 1036 1040 1067 1083 1087 1097 1104 1116 1158 1161 1170 1176 1239 1244 1249 1264 1286 1287 1302 1329 1374 1410 1419 1425 1446 1447 1460 1467 
FAC 9 : 9 51 126 386 525 564 600 692 827 883 965 977 1120 1246 1282 1308 1338 1396
FAC 15 : 15 87 153 214 263 292 431 442 611 931 1006 1041 1225 1355 1434 1438
FAC 16 : 16 23 111 120 537 745 767 937 993 1090 1169 1220 1351 1437 1453
FAC 65 : 8 65 92 109 213 301 373 545 557 594 688 704 710 737 833 837 844 859 870 1047 1226 1391 1400 1420 1433
FAC 147 : 6 142 147 188 276 343 550 659 661 711 852 924 1070 1172 1413 1429 1444 1456
FAC 158 : 45 55 158 206 521 628 703 748 824 845 865 916 1127 1133 1465
FAC 196 : 11 19 77 164 196 447 510 574 590 592 645 804 1367 1406 1461
FAC 201 : 74 201 204 272 275 297 460 476 522 644 700 783 784 815 1052 1107 1258 1370 1418 1430
FAC 220 : 14 220 285 312 358 515 632 649 791 875 938 942 974 990 1310 1363 1375 1428
FAC 224 : 7 163 224 306 658 774 796 1126 1160 1208 1271 1279 1343 1474
FAC 231 : 4 231 283 423 499 543 581 621 663 665 797 880 1004 1124 1312 1376 1439 1451
FAC 295 : 61 235 245 295 296 315 487 735 753 754 807 829 890 1018 1026 1195 1324 1393 1440
FAC 335 : 82 156 252 299 335 494 637 741 911 1016 1149 1357
FAC 338 : 119 157 187 217 234 282 338 342 486 553 651 1045 1111 1250 1341 1379 1473
FAC 359 : 68 105 115 127 151 359 380 517 568 603 638 643 755 854 892 1140 1191 1209 1218 1403 1404
FAC 378 : 57 71 257 281 317 328 378 583 623 641 739 970 1025 1100 1212 1234 1290
FAC 397 : 24 185 197 249 294 397 411 412 480 532 572 629 660 905 932 976 1015 1033 1096 1153 1494
FAC 441 : 138 154 211 222 237 357 427 441 453 458 465 636 730 777 887 936 1089 1129 1144 1196 1277 1299 1317 1354
FAC 467 : 28 79 326 467 516 570 596 648 718 750 770 816 858 971 981 1081 1163 1200 1230 1240 1346 1395
FAC 489 : 162 277 345 422 489 609 773 866 1360 1422 1464 1476
FAC 506 : 54 260 302 362 374 415 506 539 656 672 756 982 1056 1082 1247 1260 1340 1405 1475
FAC 524 : 42 223 280 288 308 388 418 524 757 1046 1232 1245 1256 1288 1358 1399 1499
FAC 531 : 26 168 256 271 344 376 527 531 664 731 803 941 1292 1398 1409 1478
FAC 552 : 274 350 367 372 395 496 552 674 835 907 1051 1174 1384 1441
FAC 555 : 121 242 266 314 407 424 519 555 706 786 800 926 928 935 1131 1316 1321 1326 1414
FAC 561 : 178 316 347 354 471 561 589 802 822 848 1010 1066 1128 1136 1305 1359
FAC 565 : 270 279 284 293 355 393 406 500 565 597 614 671 676 701 1002 1105 1147 1206 1267
FAC 569 : 117 179 353 569 769 818 882 1005 1043 1072 1173 1188 1207 1242 1445 1457 1487
FAC 573 : 20 37 155 192 267 278 498 573 686 805 999 1071 1112 1304
FAC 582 : 13 17 39 53 143 300 381 392 449 582 604 618 752 915 1011 1058 1108 1298 1300 1309 1482 1495
FAC 613 : 38 75 324 413 446 472 613 670 817 996 1117 1261 1401 1481
FAC 633 : 108 208 461 538 540 633 712 742 794 799 884 1125 1285 1306 1337 1469
FAC 650 : 10 34 189 215 382 436 477 610 615 650 820 901 919 945 966 972 1095 1248 1280 1348
FAC 678 : 43 330 452 505 548 602 678 743 898 953 1079 1088 1142 1186 1345 1353 1366 1388 1421
FAC 680 : 22 99 451 456 584 673 680 725 733 760 811 856 923 989 994 1109 1307 1397
FAC 684 : 21 63 64 70 73 133 416 433 547 666 684 913 964 1319 1416
FAC 687 : 414 421 455 474 687 709 808 857 876 1123 1155 1214 1243 1322 1344 1389 1498
FAC 749 : 94 482 529 695 749 779 819 874 912 1000 1113 1154 1179 1315 1323 1385 1402
FAC 758 : 12 46 50 110 140 182 286 322 647 758 910 1253 1263 1284 1342 1426 1427 1463
FAC 792 : 1 502 546 571 792 862 980 1022 1042 1148 1216 1221
FAC 801 : 298 319 405 475 558 627 693 801 900 927 1115 1199 1224 1347 1349 1377
FAC 809 : 93 198 200 363 563 567 587 607 771 809 1273 1450
FAC 842 : 177 334 466 556 585 598 789 790 842 843 895 973 1061 1372
FAC 864 : 122 307 437 503 612 691 697 772 864 956 1276 1339 1417 1424 1496
FAC 868 : 30 33 159 327 364 440 514 595 868 869 891 897 1062 1065 1181 1259 1278 1327 1369 1386 1407 1436 1443 1448 1472
FAC 881 : 137 210 462 653 669 727 836 881 933 1064 1075 1102 1166 1204 1222 1314 1432 1497
FAC 889 : 3 59 76 101 118 160 346 635 639 646 652 682 715 782 795 888 889 1197 1356
FAC 929 : 32 254 348 409 464 512 806 929 967 1030 1168 1270 1272 1412
FAC 934 : 44 60 67 72 88 202 228 258 259 337 361 426 444 463 934 944 1021 1068 1076 1092 1159 1423 1459
FAC 939 : 227 229 305 369 438 761 832 834 851 861 894 921 939 1171 1184 1217 1228 1233 1257 1381 1383 1455
FAC 979 : 190 385 420 445 518 534 679 886 906 979 1032 1085 1255 1266 1275 1301
FAC 984 : 47 98 180 273 325 469 520 642 654 825 871 984 992 1048 1114 1167 1178 1281 1449
FAC 995 : 176 248 485 541 576 588 601 625 734 762 995 1028 1050 1073 1203 1229 1394
FAC 997 : 135 251 290 352 593 694 724 765 847 946 952 997 1007 1215 1237 1296 1392
FAC 1009 : 150 239 303 579 617 631 689 839 949 1009 1023 1053 1093 1094 1252 1262 1274 1334 1365 1380 1493
FAC 1012 : 18 85 116 136 203 253 365 425 562 599 768 879 1012 1145 1231 1294 1378
FAC 1017 : 48 90 128 129 318 332 356 400 624 685 720 1017 1182 1187 1269 1362 1489
FAC 1036 : 230 321 341 417 591 668 707 849 893 1019 1036 1044 1063 1485
FAC 1040 : 31 58 161 262 287 454 481 810 878 963 1040 1138 1211 1236 1332 1373
FAC 1067 : 40 80 146 181 225 339 549 580 630 677 729 747 764 781 831 1067 1091 1311 1350 1490
FAC 1083 : 107 236 435 470 473 490 542 559 705 751 776 778 920 1077 1083 1084 1099 1177 1213 1483
FAC 1087 : 84 112 291 333 387 390 523 544 721 841 925 955 986 1057 1087 1132 1152 1189 1201 1205 1303 1415 1468
FAC 1097 : 5 56 66 304 310 396 450 501 763 788 821 1097 1442
FAC 1104 : 144 174 233 247 389 401 533 606 785 813 960 1104 1198 1283 1408 1477 1488
FAC 1116 : 25 124 255 311 320 360 398 551 622 1116 1146 1352 1480
FAC 1158 : 2 134 172 209 371 391 432 443 535 968 1110 1158 1265 1291
FAC 1161 : 91 184 212 479 493 528 554 626 698 702 823 930 1031 1034 1038 1161 1268 1484
FAC 1170 : 113 141 399 511 640 909 918 1008 1054 1134 1137 1170 1313 1387
FAC 1176 : 102 131 149 268 309 340 351 408 504 530 850 885 903 950 1080 1118 1176 1251 1318 1471
FAC 1239 : 83 139 145 169 191 193 218 377 429 439 577 696 793 961 969 1239 1368 1458
FAC 1244 : 125 226 238 261 657 988 1060 1122 1141 1143 1244 1328 1336
FAC 1249 : 29 173 183 195 241 375 430 605 667 683 744 1003 1235 1249
FAC 1264 : 106 165 232 329 383 509 566 713 812 855 872 951 957 1020 1059 1227 1264 1331 1435
FAC 1286 : 62 152 166 240 491 526 662 714 780 798 947 1014 1024 1106 1185 1219 1286 1297 1320
FAC 1287 : 35 78 167 186 194 269 368 370 402 404 459 608 616 620 717 828 899 975 983 1139 1151 1175 1241 1287 1364 1371 1382
FAC 1302 : 96 170 497 732 736 867 1039 1049 1119 1162 1190 1302 1335 1479
FAC 1329 : 69 130 171 199 207 264 289 483 492 513 578 634 655 766 830 838 991 1029 1078 1254 1293 1329 1361 1452
FAC 1374 : 103 114 205 495 536 575 738 759 814 877 904 940 948 959 962 1374
FAC 1410 : 49 89 219 244 349 434 560 846 860 873 943 954 1001 1055 1086 1164 1165 1193 1410 1431
FAC 1419 : 148 265 384 507 681 708 723 746 775 826 840 917 1103 1180 1223 1295 1411 1419
FAC 1425 : 41 97 216 243 250 394 410 896 922 958 978 987 1074 1135 1150 1156 1192 1210 1325 1425 1470 1492
FAC 1446 : 86 104 175 221 246 313 379 403 428 448 468 719 726 902 985 1013 1098 1121 1157 1289 1330 1446 1462 1466 1491
FAC 1447 : 27 52 95 123 419 488 675 690 908 914 998 1035 1101 1183 1194 1238 1333 1390 1447 1454
FAC 1460 : 81 100 457 478 586 699 740 787 853 1027 1069 1202 1460
FAC 1467 : 0 36 132 323 331 336 366 484 508 619 716 722 728 863 1037 1130 1467 1486
