== PROBLEM ==
# N_FACILITIES: 2000
# N_CLIENTS: 2000
# SIZE_RESTRICTION_MINIMUM: -1
# SIZE_RESTRICTION_MAXIMUM: -1

== RUN DATA ==
# FILTER: BETTER_THAN_ALL_PARENTS (3)
# TARGET_SOLS: 1
# PRECOMP_CLIENT_OPTIMAL_GAIN: 0.000000
# N_THREADS: 4
# SELECT_ONLY_TERMINAL: 1
# LOCAL_SEARCH: SWAP_RESENDE_WERNECK
# LOCAL_SEARCH_BEFORE_SELECT: 1
# LOCAL_SEARCH_REM_MOVEMENT: 1
# LOCAL_SEARCH_ADD_MOVEMENT: 1
# BRANCHING_FACTOR: 8
# BRANCHING_FACTOR_CORRECTION: 1
# PATH_RELINKING: PATH_RELINKING_UNTIL_NO_BETTER
# PATH_RELINKING_LOCAL_SEARCH: SWAP_RESENDE_WERNECK
# RANDOM_SEED: 1621838379
# RESTARTS: 1
# VERBOSE: 0
# BRANCH_AND_BOUND: 0 (deprecated)
# LOWER_BOUND: -1122748.000000 

# REDUCTION: sdbs+:200:mgesum _best:400
# INPUT_FILE: "problems_kmedian_original/2000-100"
# CPU_TIME: 1311.559937
# ELAPSED: 357.957764
# VIRT_MEM_PEAK_KB: 1238608
# TOTAL_ITERATIONS: 107

== LOCAL SEARCH INFO ==
# LOCAL_SEARCH_CPU_TIME: 568.730000
# N_LOCAL_SEARCHES: 82722
# AVG_LOCAL_SEARCH_MOVES: 7.787396

== PATH RELINKING INFO ==
# PATH_RELINKING_CPU_TIME: 599.670000
== FIRST RESTART INFO ==
# FIRST_ITERATIONS: 107
# FIRST_PER_SIZE_SOLS:             1   1600   1599   1598   1599   1598   1596   1598   1599   1595   1592   1595   1590   1587   1586   1581   1583   1572   1571   1572   1561   1551   1542   1539   1532   1534   1513   1517   1487   1483   1473   1460   1453   1435   1416   1370   1374   1361   1353   1323   1307   1318   1274   1262   1227   1209   1156   1152   1131   1114   1062   1061   1057   1026    973    959    969    911    901    864    853    847    764    778    785    751    711    692    663    615    651    584    576    531    527    491    536    443    496    424    422    367    369    362    324    297    282    291    295    267    235    220    230    209    213    190    184    145    126     97     67     46     29     18      7      4      1
# FIRST_PER_SIZE_SOLS_RED:         1    200    200    200    200    200    200    200    200    200    200    200    200    200    200    200    200    200    200    200    200    200    200    200    200    200    200    200    200    200    200    200    200    200    200    200    200    200    200    200    200    200    200    200    200    200    200    200    200    200    200    200    200    200    200    200    200    200    200    200    200    200    200    200    200    200    200    200    200    200    200    200    200    200    200    200    200    200    200    200    200    200    200    200    200    200    200    200    200    200    200    200    200    200    200    190    184    145    126     97     67     46     29     18      7      4      1
# FIRST_PER_SIZE_LOCAL_OPT:        0      0      0      0      0      0      0      0      0      0      0      0      0      0      0      0      0      0      0      0      0      0      0      0      0      0      0      0      0      0      0      0      0      0      0      0      0      0      0      0      0      0      0      0      0      0      0      0      0      0      0      0      0      0      0      0      0      0      0      0      0      0      0      0      0      0      0      0      0      0      0      0      0      0      0      0      0      0      0      0      0      0      0      0      0      0      0      0      0      0      0      0      0      0      0      0      0      0      0      0      0      0      0      0      0      0      0

== PER RESTART INFO ==
# RST        0 -1122748.000000 1311.560000

== SOLUTIONS DATA ==
# OUTPUT_SOLUTIONS: 1

== SOLUTION ==
# VALUE: -1122748.000000
# ASSIGNS: 759 78 83 676 1730 1143 759 1033 8 743 609 365 1265 1994 720 293 1985 563 805 1099 1477 1479 419 1556 1150 1395 651 965 1479 954 30 1033 925 1844 1985 1844 575 1143 1177 413 1318 1451 1601 654 44 45 1238 408 185 1477 408 1664 740 1861 172 172 191 107 30 59 78 1590 1177 45 158 731 1526 45 249 1129 1928 1479 1526 1494 1154 1482 30 44 78 1861 1033 536 668 83 1434 1071 1143 1985 1861 676 1985 1150 1323 740 1402 1590 392 1129 1033 1238 1482 392 731 1664 30 965 483 107 158 1494 1143 1542 112 577 114 115 731 1994 1265 921 413 59 1730 129 1371 1556 249 293 1556 129 1955 112 189 1177 1238 1371 1482 408 1071 581 651 1985 1590 1154 731 1265 1129 884 183 1323 1402 1614 185 743 1878 1129 654 45 158 107 1526 1590 44 45 1323 1526 1016 1323 491 1994 249 1371 172 1099 720 651 1265 1402 1556 1238 577 114 1526 183 114 185 293 1601 365 189 1556 191 676 577 676 1844 676 743 862 1861 1154 1129 1395 1844 654 392 996 45 1844 1738 112 1844 1434 743 805 1556 107 1154 1526 740 1094 129 1129 112 378 45 1033 563 609 1955 720 1434 743 1730 1371 731 627 172 654 249 581 115 172 189 1129 112 759 1477 1402 249 365 1129 392 1451 491 1371 293 83 1143 1994 1985 59 191 668 921 668 115 1451 483 740 1150 743 1071 1323 1477 1590 8 759 1542 536 191 185 1099 1482 862 1177 577 1542 996 1985 1451 563 1494 293 1099 759 1143 185 392 112 1395 575 563 1494 1143 293 627 78 172 172 1434 83 1177 627 1099 1154 1994 1071 8 759 536 862 1451 129 107 805 1477 483 1143 115 1664 1145 483 627 1928 8 921 1590 731 1016 1402 1955 1451 627 575 392 1664 189 1955 1099 651 609 1844 805 1542 651 191 419 491 581 45 392 1844 1265 293 365 1955 59 1664 408 112 925 1402 1451 575 921 627 1337 378 731 1526 884 1542 112 1928 129 1994 1878 1994 1730 581 651 392 1556 365 491 114 1238 740 1451 1664 491 759 1129 45 1177 1154 107 408 759 1150 1395 1482 413 189 1955 654 392 1542 419 45 1094 185 114 1434 1238 483 1395 1526 609 1590 1878 1664 183 965 112 1479 392 1099 378 112 191 720 1143 965 1955 1994 1337 1177 191 668 1479 1861 1154 1861 805 563 44 1318 1434 419 185 1590 1154 1323 1730 1177 575 1318 83 183 59 1371 1664 996 1071 1928 1402 1071 1556 1265 581 1323 483 1542 1861 884 114 1601 1145 1154 491 115 107 1730 114 378 378 1542 483 1526 129 862 1861 921 413 1730 651 419 1150 491 740 112 1542 668 408 112 1556 112 743 743 1955 45 1601 378 1614 1994 191 1129 921 59 720 491 249 1337 44 536 114 293 1994 1526 1177 158 1143 112 609 408 884 668 575 115 862 1730 83 115 1451 185 884 1482 563 668 1878 1985 563 191 668 862 172 1664 8 1994 676 676 293 759 575 483 577 1371 1730 676 581 1177 581 83 954 1150 563 1479 1434 44 1542 1143 392 805 1094 996 1928 1402 1985 129 191 1395 408 1395 158 731 1099 954 609 1238 1601 577 1664 129 1482 1730 1451 1094 1143 115 1323 59 408 107 365 654 627 185 1738 1664 1154 1094 1238 1664 1955 1129 1145 1150 483 115 365 189 536 651 249 419 83 114 651 1177 651 112 158 654 191 668 419 581 1614 1145 1451 668 112 1033 1402 921 1614 668 609 483 1738 413 884 1878 392 676 740 740 1738 1143 609 1526 627 1099 654 743 491 30 44 1861 1451 1371 1542 413 862 1542 1738 651 668 1955 1994 1177 965 921 1601 1601 1238 1154 1614 185 158 413 536 1145 1150 1494 965 1590 1099 720 731 1033 654 1614 609 107 884 115 609 884 731 419 805 491 1526 1664 1071 44 627 740 1451 293 743 1451 1099 30 419 577 1556 921 925 112 759 627 1033 378 59 413 759 1985 1614 1371 185 30 293 419 1395 1016 1479 731 183 1861 1614 1323 1337 563 378 581 158 743 1099 392 1318 1265 1542 158 1730 483 921 78 925 1542 112 1928 191 1494 1738 8 249 720 189 483 921 114 805 1177 563 59 8 249 921 1143 1477 720 965 1337 183 965 1402 1099 1477 408 627 45 1402 563 954 1878 408 183 491 1177 740 114 536 1479 114 925 743 925 925 1730 59 365 884 114 1482 191 563 1664 1323 925 676 1154 1878 654 1928 1556 1094 1861 183 862 1614 743 1150 185 129 158 183 654 1238 1323 581 609 1738 627 1844 921 996 1664 129 1738 1526 884 1526 45 1265 577 1016 720 1434 1664 1094 189 1614 668 1395 1143 1318 743 965 925 954 965 392 1238 1738 1601 1238 805 30 78 59 1238 1730 1928 172 1016 862 1928 921 740 1371 115 925 731 1844 1238 759 413 183 1371 1238 577 1556 1402 1928 1177 1071 720 1071 1395 158 668 740 1371 158 954 1323 1614 129 365 577 954 45 1318 921 1129 575 83 731 1434 1878 419 965 172 1265 1494 1861 1494 1099 365 1994 1094 483 365 1955 491 45 1477 581 1154 1994 378 1451 249 1955 1955 965 185 1878 392 408 1099 965 996 563 609 563 627 609 954 1016 1154 491 129 1601 720 1878 1479 1143 668 392 78 1318 1016 805 1016 1477 1033 1955 44 965 1265 158 365 1318 378 575 1526 249 1479 1033 1479 1395 8 1590 1154 668 408 293 185 1071 1337 805 1477 862 78 107 365 862 884 185 1154 1143 1177 392 805 1016 536 651 1371 44 1323 759 1955 1526 1494 609 1145 1071 1590 720 491 577 1451 59 609 1129 996 1016 1150 676 8 1154 1590 563 1099 676 720 581 1323 1477 1094 1861 45 249 392 1099 45 491 1526 1129 720 1542 249 1238 59 676 759 129 83 1494 59 1238 183 293 1861 1482 1482 1878 293 59 1318 1477 1482 483 581 1129 577 720 483 1371 1395 249 1477 107 1323 1556 483 1844 651 1143 1154 1145 1094 1371 654 491 1150 1265 1730 413 1154 365 249 536 1395 408 392 759 925 1664 115 107 954 1238 1878 1150 1099 1143 563 1601 654 293 293 1177 112 365 575 483 59 1985 158 759 954 30 1150 1395 1143 740 1542 1238 1590 408 1337 743 1494 112 925 577 627 676 1601 925 1337 654 1099 1985 1878 189 609 1590 1371 954 1143 185 1451 740 862 392 1150 1479 1928 1154 107 293 1985 1928 365 996 1318 731 731 740 1033 1494 1238 30 1337 1094 1664 1318 1614 378 676 191 1323 1494 1985 563 1542 1129 731 720 862 1150 925 491 954 30 183 740 1143 1265 1177 1033 1664 1601 954 1556 107 884 575 1479 805 563 1556 30 1556 1129 1955 720 249 114 249 112 408 1016 1730 191 1494 1494 129 483 1154 129 1099 921 1861 1402 1071 30 365 1071 30 1928 805 651 1601 609 1730 1071 996 627 1601 1861 1318 191 172 862 45 1323 189 1730 740 191 44 805 408 536 185 419 1402 996 1371 1337 759 83 1371 954 30 1145 1590 1861 1878 1556 740 107 654 720 172 577 609 191 954 884 1730 1177 1071 45 1016 668 114 805 1016 1542 1494 609 1451 1371 158 413 1494 1844 609 1071 862 609 1664 413 419 1542 8 1145 743 491 114 1482 249 1033 1614 158 1985 1395 107 185 921 191 129 609 1402 191 378 1985 1071 581 1482 1154 1033 740 30 884 609 1477 1601 1601 1985 112 925 925 1094 1477 45 1542 954 1479 759 1928 1323 575 1150 1861 1434 996 1542 191 83 575 1477 1526 1238 1844 392 392 115 491 1451 1482 408 1451 1844 1318 1402 954 365 575 30 1099 1730 413 1337 1145 996 1265 1016 1590 1177 1402 1371 1016 1402 1177 581 1955 1318 1477 114 1479 536 1337 1482 884 1494 1451 1664 1177 609 114 172 1738 651 1985 1494 45 158 191 59 1434 577 44 8 759 378 654 8 676 172 83 1664 8 575 996 536 1371 668 1601 1071 1861 1402 1738 1318 115 293 575 1526 1395 491 1033 651 1664 1177 1985 44 1371 1016 654 45 1844 965 1143 1542 44 1318 651 408 1402 740 805 1526 1477 45 112 1402 365 1556 78 483 413 759 1590 1955 1150 158 78 365 1526 1129 158 114 191 1129 743 1434 581 1730 1238 185 491 112 1482 491 1482 575 83 1129 668 172 536 1590 44 293 365 293 1451 1451 114 609 1094 609 1601 884 8 59 107 1129 1402 1556 392 581 8 996 1238 1614 1861 158 581 1154 392 78 651 577 1371 30 158 1479 1318 581 1878 1238 1928 1371 536 189 1878 1154 249 1477 1451 1994 185 1177 1323 1590 1145 59 1542 1434 1177 1590 1323 862 1318 996 1844 45 419 1265 575 759 114 1556 249 1664 862 1337 78 78 1016 112 183 627 1614 1556 185 1601 925 1479 581 1955 884 107 740 183 1664 1479 1542 1094 1738 45 1318 1985 1526 1033 1494 627 651 577 378 1265 1590 743 575 183 44 191 1985 158 996 720 392 1371 1494 581 172 1878 743 1928 1590 1482 1434 1526 1265 609 59 83 1482 1150 1494 1730 1955 627 365 419 1145 1337 1477 1738 1395 491 78 1143 1955 293 1154 731 1861 1094 581 408 575 1154 78 884 1542 609 965 536 1985 731 1451 575 1664 1265 112 1402 1016 30 1482 1071 129 491 1985 419 1318 8 676 1145 191 30 413 78 392 965 483 378 114 1337 1154 83 185 1099 651 1526 112 1994 365 743 1238 1402 676 172 1878 1265 563 1145 183 862 862 1071 408 1402 676 1451 1601 419 183 1238 392 1094 925 189 1844 731 1738 30 577 1601 575 1955 1614 759 1099 129 189 1601 45 1371 44 408 1482 1479 419 1844 575 575 1494 536 1071 921 668 114 1614 1861 577 965 1238 1451 1143 408 1861 1556 1145 1985 158 954 483 1590 1451 491 183 1337 78 1071 1601 668 563 1878 884 965 1861 1094 378 1395 107 45 536 1154 44 1395 1985 114 805 965 107 668 577 112 1265 1861 112 1323 1434 654 189 491 805 115 627 1129 925 1033 1479 83 1150 676 392 413 1526 115 1318 114 1494 1265 30 1402 740 1928 581 1614 1614 805 413 1928 862 1556 365 191 1601 1590 1033 189 884 627 577 862 1434 78 563 1177 1482 249 743 563 1955 1318 1099 1145 172 189 59 1033 862 1738 575 365 1994 78 78 805 1477 1730 1878 1664 563 185 965 189 731 1664 1985 1556 1664 1402 1985 651 1664 1434 78 1479 183 44 44 1994 392 1878 996 668 172
# N_FACS: 93
# INDEXES: 8 30 44 45 59 78 83 107 112 114 115 129 158 172 183 185 189 191 249 293 365 378 392 408 413 419 483 491 536 563 575 577 581 609 627 651 654 668 676 720 731 740 743 759 805 862 884 921 925 954 965 996 1016 1033 1071 1094 1099 1129 1143 1145 1150 1154 1177 1238 1265 1318 1323 1337 1371 1395 1402 1434 1451 1477 1479 1482 1494 1526 1542 1556 1590 1601 1614 1664 1730 1738 1844 1861 1878 1928 1955 1985 1994 
FAC 8 : 8 276 318 335 569 798 809 1036 1084 1384 1502 1506 1511 1603 1611 1776
FAC 30 : 30 58 76 104 688 746 764 911 1187 1239 1261 1279 1303 1306 1342 1412 1458 1624 1768 1780 1826 1925
FAC 44 : 44 77 162 457 535 590 689 738 1022 1063 1328 1501 1534 1543 1591 1705 1839 1889 1992 1993
FAC 45 : 45 63 67 157 163 207 225 360 404 420 522 824 886 955 979 1096 1100 1322 1361 1424 1495 1538 1552 1656 1690 1837 1886
FAC 59 : 59 121 261 367 471 530 622 757 808 843 913 1077 1108 1114 1123 1182 1498 1604 1646 1725 1961
FAC 78 : 1 60 78 307 790 912 1014 1048 1557 1565 1620 1667 1668 1741 1753 1782 1873 1948 1968 1969 1989
FAC 83 : 2 83 257 311 469 553 584 647 960 1112 1339 1438 1509 1585 1726 1790 1914
FAC 107 : 57 107 159 216 324 407 493 624 726 1049 1137 1165 1226 1272 1349 1396 1605 1682 1885 1895
FAC 112 : 112 131 210 223 245 299 370 383 435 440 512 516 518 544 652 663 752 793 1178 1199 1287 1419 1553 1580 1670 1765 1795 1898 1901
FAC 114 : 114 181 184 396 423 487 495 537 648 804 834 837 846 1285 1364 1388 1478 1489 1570 1597 1661 1787 1852 1892 1922
FAC 115 : 115 241 266 329 492 550 554 620 640 728 924 1164 1446 1523 1908 1920
FAC 129 : 123 129 221 323 385 501 600 614 867 881 951 1006 1111 1294 1297 1400 1771 1834
FAC 158 : 64 108 158 542 605 653 711 779 786 868 943 947 1025 1184 1372 1393 1496 1564 1569 1616 1625 1708 1865
FAC 172 : 54 55 172 237 242 308 309 567 917 966 1320 1352 1490 1508 1588 1715 1802 1959 1999
FAC 183 : 148 183 433 470 771 817 830 861 869 931 1116 1262 1671 1684 1704 1807 1817 1871 1991
FAC 185 : 48 152 185 281 297 422 461 556 628 710 763 866 990 1042 1053 1217 1332 1397 1578 1641 1675 1791 1976
FAC 189 : 132 189 243 347 414 642 801 894 1211 1324 1634 1822 1835 1905 1942 1960 1978
FAC 191 : 56 191 262 280 356 441 449 527 564 601 655 795 848 1247 1291 1319 1327 1355 1399 1403 1437 1497 1571 1706 1779 1938
FAC 249 : 68 126 170 239 249 533 645 799 810 986 1031 1097 1106 1135 1156 1284 1286 1390 1637 1663 1952
FAC 293 : 15 127 186 256 293 305 364 538 573 742 765 1041 1117 1122 1175 1176 1227 1524 1592 1594 1744
FAC 365 : 11 188 250 365 394 625 641 844 952 972 976 1026 1050 1155 1179 1230 1304 1456 1555 1566 1593 1733 1797 1937 1966
FAC 378 : 224 378 439 496 497 524 756 777 984 1028 1245 1404 1504 1699 1786 1883
FAC 392 : 96 101 205 252 298 345 361 392 417 437 593 675 782 905 992 1013 1057 1098 1160 1221 1444 1445 1609 1619 1711 1783 1819 1917 1995
FAC 408 : 47 50 137 369 408 515 546 603 623 822 829 993 1040 1159 1195 1288 1330 1450 1546 1750 1811 1840 1860
FAC 413 : 39 120 413 505 672 694 712 758 930 1153 1373 1381 1461 1559 1781 1918 1933
FAC 419 : 22 357 419 460 508 646 657 732 747 766 964 1333 1382 1657 1734 1774 1816 1843
FAC 483 : 106 268 327 332 426 483 499 576 639 670 788 802 975 1127 1132 1140 1181 1295 1558 1785 1867
FAC 491 : 168 254 358 395 401 491 510 532 687 734 831 978 1005 1074 1101 1149 1259 1387 1447 1528 1579 1582 1740 1772 1870 1906
FAC 536 : 81 279 320 536 643 713 835 1060 1157 1331 1480 1514 1589 1633 1758 1848 1887
FAC 563 : 17 227 291 302 456 559 563 587 776 807 826 849 997 999 1087 1172 1251 1277 1805 1877 1949 1954 1975
FAC 575 : 36 301 344 374 467 549 575 959 1029 1180 1274 1431 1439 1457 1512 1525 1584 1659 1703 1751 1762 1829 1845 1846 1965
FAC 577 : 113 180 193 286 577 612 748 888 934 953 1075 1130 1201 1353 1500 1622 1698 1827 1855 1897 1945
FAC 581 : 139 240 359 390 481 581 583 658 778 873 981 1091 1128 1407 1474 1575 1610 1617 1628 1679 1714 1749 1929
FAC 609 : 10 228 351 429 545 609 669 681 725 729 874 998 1001 1069 1078 1212 1311 1354 1369 1376 1379 1401 1414 1488 1598 1600 1724 1756
FAC 627 : 236 306 313 333 343 376 627 683 739 754 823 876 1000 1202 1315 1672 1696 1732 1909 1944
FAC 651 : 26 140 175 350 355 391 507 644 649 651 698 1061 1142 1309 1492 1530 1545 1621 1697 1793 1986
FAC 654 : 43 156 204 238 416 626 654 685 723 856 870 1148 1174 1207 1350 1505 1537 1904
FAC 668 : 82 263 265 450 514 548 560 565 656 662 668 699 896 944 1012 1039 1363 1516 1587 1851 1876 1896 1998
FAC 676 : 3 89 192 194 196 571 572 580 676 853 1083 1089 1109 1203 1246 1507 1777 1801 1813 1916
FAC 720 : 14 174 230 442 531 720 800 814 890 940 1008 1073 1090 1104 1131 1255 1283 1351 1710
FAC 731 : 65 102 116 144 235 338 379 606 721 731 770 926 961 1233 1234 1254 1746 1760 1824 1979
FAC 740 : 52 93 219 269 398 511 677 678 740 833 922 945 1191 1219 1235 1263 1326 1348 1411 1548 1683 1927
FAC 743 : 9 153 197 213 232 271 519 520 686 743 780 839 864 900 1197 1386 1573 1702 1717 1798 1953
FAC 759 : 0 6 246 277 295 319 402 409 574 753 759 929 1065 1110 1161 1185 1338 1428 1503 1560 1660 1832
FAC 805 : 18 214 325 353 455 594 733 805 910 1017 1045 1058 1276 1308 1329 1365 1549 1893 1907 1932 1970
FAC 862 : 198 284 321 502 551 566 695 862 919 1047 1051 1220 1256 1321 1378 1652 1665 1808 1809 1935 1946 1963
FAC 884 : 147 381 486 547 557 673 727 730 845 884 1052 1273 1357 1413 1483 1602 1681 1754 1879 1943
FAC 921 : 119 264 336 375 504 529 666 704 750 789 803 811 878 921 957 1299 1398 1850
FAC 925 : 32 371 751 791 838 840 841 852 902 925 1162 1200 1205 1258 1420 1421 1677 1821 1911
FAC 954 : 29 585 608 827 903 948 954 1002 1166 1186 1215 1260 1270 1341 1356 1426 1455 1866
FAC 965 : 27 105 434 444 703 717 815 818 901 904 965 989 995 1023 1540 1757 1784 1856 1880 1894 1977
FAC 996 : 206 288 474 596 879 996 1080 1231 1314 1335 1435 1464 1513 1612 1654 1709 1997
FAC 1016 : 166 339 768 889 918 1003 1016 1018 1059 1081 1289 1362 1366 1466 1471 1536 1669 1767
FAC 1033 : 7 31 80 98 226 664 722 755 1020 1033 1236 1267 1391 1410 1529 1694 1912 1941 1962
FAC 1071 : 85 138 272 317 475 478 737 939 941 1043 1071 1302 1305 1313 1360 1377 1406 1518 1770 1810 1849 1874
FAC 1094 : 220 421 595 618 632 859 893 974 1094 1146 1241 1422 1599 1688 1748 1820 1882
FAC 1099 : 19 173 282 294 314 349 438 607 684 719 745 781 820 971 994 1088 1099 1170 1208 1298 1459 1792 1833 1957
FAC 1129 : 69 97 146 155 201 222 244 251 403 528 636 958 1079 1103 1129 1253 1281 1568 1572 1586 1606 1910
FAC 1143 : 5 37 86 110 258 296 304 328 443 543 592 619 680 812 898 1011 1055 1143 1171 1190 1216 1264 1541 1742 1859
FAC 1145 : 331 489 637 660 714 1070 1145 1343 1385 1463 1645 1735 1778 1806 1863 1958
FAC 1150 : 24 91 270 410 509 586 638 715 865 1082 1150 1169 1188 1222 1257 1432 1563 1728 1915
FAC 1154 : 74 143 200 217 315 406 453 463 490 631 708 854 982 1004 1038 1054 1085 1144 1154 1225 1296 1409 1618 1636 1745 1752 1789 1888
FAC 1177 : 38 62 133 285 312 405 448 466 541 582 650 702 806 832 938 1056 1177 1266 1359 1468 1473 1487 1532 1642 1649 1950
FAC 1238 : 46 99 134 179 397 425 610 633 707 871 906 909 914 928 933 1107 1115 1167 1193 1238 1442 1577 1613 1630 1799 1818 1857
FAC 1265 : 12 118 145 176 363 480 784 887 967 1024 1151 1265 1465 1658 1700 1723 1764 1804 1899 1924
FAC 1318 : 40 458 468 783 899 956 1015 1027 1124 1232 1243 1318 1453 1476 1522 1544 1627 1653 1691 1775 1921 1956
FAC 1323 : 92 149 164 167 273 464 482 621 774 851 872 949 1064 1092 1138 1248 1323 1430 1643 1651 1902
FAC 1337 : 377 447 534 775 816 1044 1196 1206 1240 1337 1462 1481 1666 1736 1788 1872
FAC 1371 : 124 135 171 234 255 472 578 692 762 923 932 946 1062 1133 1147 1214 1336 1340 1371 1470 1515 1535 1623 1632 1712 1838
FAC 1395 : 25 202 300 411 427 602 604 767 897 942 1035 1134 1158 1189 1395 1527 1739 1884 1890
FAC 1402 : 94 150 177 248 340 372 477 598 665 819 825 936 1301 1334 1402 1454 1469 1472 1520 1547 1554 1607 1766 1800 1812 1926 1984
FAC 1434 : 84 212 231 310 424 459 589 891 962 1434 1499 1574 1648 1721 1903 1947 1988
FAC 1451 : 41 253 267 290 322 342 373 399 555 617 661 691 741 744 985 1076 1218 1370 1448 1451 1485 1595 1596 1639 1761 1814 1858 1869
FAC 1477 : 20 49 247 274 326 813 821 980 1019 1046 1093 1125 1136 1415 1423 1440 1477 1551 1638 1737 1971
FAC 1479 : 21 28 71 436 451 588 769 836 1010 1032 1034 1223 1275 1427 1479 1626 1678 1686 1842 1913 1990
FAC 1482 : 75 100 136 283 412 558 615 847 1119 1120 1126 1389 1408 1449 1482 1581 1583 1720 1727 1769 1841 1951
FAC 1494 : 73 109 292 303 716 796 968 970 1068 1113 1198 1237 1249 1292 1293 1368 1374 1484 1494 1695 1713 1729 1847 1923
FAC 1526 : 66 72 160 165 182 218 380 428 500 540 682 735 883 885 1030 1067 1102 1441 1526 1550 1567 1693 1722 1794 1919
FAC 1542 : 111 278 287 354 382 418 484 498 513 591 693 696 785 792 1105 1192 1252 1367 1383 1425 1436 1542 1647 1687 1755
FAC 1556 : 23 125 128 178 190 215 393 479 517 749 858 935 1139 1271 1278 1280 1347 1556 1608 1662 1674 1862 1936 1982
FAC 1590 : 61 95 142 161 275 337 430 462 718 1037 1072 1086 1194 1213 1344 1467 1561 1590 1644 1650 1701 1719 1868 1940
FAC 1601 : 42 187 488 523 611 705 706 908 1007 1173 1204 1269 1310 1316 1416 1417 1517 1601 1676 1815 1828 1836 1875 1939
FAC 1614 : 151 525 659 667 709 724 761 773 863 895 950 1244 1392 1614 1673 1831 1853 1930 1931
FAC 1664 : 51 103 330 346 368 400 432 473 568 613 630 634 736 850 880 892 1163 1242 1268 1380 1486 1510 1531 1664 1685 1763 1974 1980 1983 1987
FAC 1730 : 4 122 233 389 465 494 506 552 579 616 787 842 915 1152 1290 1312 1325 1358 1460 1576 1730 1972
FAC 1738 : 209 629 671 679 697 797 875 882 907 1491 1521 1689 1738 1825 1964
FAC 1844 : 33 35 195 203 208 211 352 362 877 927 1141 1375 1443 1452 1539 1655 1823 1844
FAC 1861 : 53 79 88 199 452 454 485 503 690 772 860 969 1095 1118 1300 1317 1345 1433 1519 1615 1747 1854 1861 1881 1900
FAC 1878 : 154 387 431 561 674 828 855 963 991 1009 1121 1168 1210 1346 1629 1635 1716 1803 1878 1973 1996
FAC 1928 : 70 334 384 476 597 794 857 916 920 937 1224 1229 1307 1429 1631 1718 1928 1934
FAC 1955 : 130 229 341 348 366 415 445 521 635 700 977 987 988 1021 1066 1282 1475 1562 1680 1731 1743 1830 1955
FAC 1985 : 16 34 87 90 141 260 289 562 599 760 1183 1209 1228 1250 1394 1405 1418 1493 1533 1692 1707 1759 1773 1864 1891 1981 1985
FAC 1994 : 13 117 169 259 316 386 388 446 526 539 570 701 973 983 1640 1796 1967 1994
