== PROBLEM ==
# N_FACILITIES: 2500
# N_CLIENTS: 2500
# SIZE_RESTRICTION_MINIMUM: -1
# SIZE_RESTRICTION_MAXIMUM: -1

== RUN DATA ==
# FILTER: BETTER_THAN_ALL_PARENTS (3)
# TARGET_SOLS: 1
# PRECOMP_CLIENT_OPTIMAL_GAIN: 0.000000
# N_THREADS: 4
# SELECT_ONLY_TERMINAL: 1
# LOCAL_SEARCH: SWAP_RESENDE_WERNECK
# LOCAL_SEARCH_BEFORE_SELECT: 1
# LOCAL_SEARCH_REM_MOVEMENT: 1
# LOCAL_SEARCH_ADD_MOVEMENT: 1
# BRANCHING_FACTOR: 8
# BRANCHING_FACTOR_CORRECTION: 1
# PATH_RELINKING: PATH_RELINKING_UNTIL_NO_BETTER
# PATH_RELINKING_LOCAL_SEARCH: SWAP_RESENDE_WERNECK
# RANDOM_SEED: 1621838411
# RESTARTS: 1
# VERBOSE: 0
# BRANCH_AND_BOUND: 0 (deprecated)
# LOWER_BOUND: -3099907.000000 

# REDUCTION: sdbs+:200:mgesum _best:400
# INPUT_FILE: "problems_kmedian_original/2500-10"
# CPU_TIME: 1034.150024
# ELAPSED: 262.324707
# VIRT_MEM_PEAK_KB: 1827488
# TOTAL_ITERATIONS: 29

== LOCAL SEARCH INFO ==
# LOCAL_SEARCH_CPU_TIME: 732.120000
# N_LOCAL_SEARCHES: 14120
# AVG_LOCAL_SEARCH_MOVES: 6.638456

== PATH RELINKING INFO ==
# PATH_RELINKING_CPU_TIME: 297.850000
== FIRST RESTART INFO ==
# FIRST_ITERATIONS: 29
# FIRST_PER_SIZE_SOLS:             1   1600   1595   1589   1577   1559   1531   1494   1421   1384   1325   1247   1139   1025    908    824    727    628    515    420    356    336    212    195    127     83     47     14      3
# FIRST_PER_SIZE_SOLS_RED:         1    200    200    200    200    200    200    200    200    200    200    200    200    200    200    200    200    200    200    200    200    200    200    195    127     83     47     14      3
# FIRST_PER_SIZE_LOCAL_OPT:        0      0      0      0      0      0      0      0      0      0      0      0      0      0      0      0      0      0      0      0      0      0      0      0      0      0      0      0      0

== PER RESTART INFO ==
# RST        0 -3099907.000000 1034.150000

== SOLUTIONS DATA ==
# OUTPUT_SOLUTIONS: 1

== SOLUTION ==
# VALUE: -3099907.000000
# ASSIGNS: 394 1549 1880 858 858 2048 1825 858 1549 394 858 1825 368 1134 2048 117 394 604 2066 2259 2066 2035 2259 368 604 368 2035 2259 432 1549 1242 117 1040 604 1645 1040 394 1792 1549 1880 2259 1220 2066 1160 117 1825 1134 858 2066 432 1825 1242 368 1549 1957 432 368 2259 1160 1134 1040 604 1040 1825 858 394 1549 1792 1220 432 1134 1549 604 2035 368 1909 1909 1645 2035 394 1792 1880 117 604 858 1880 858 1792 2048 1040 1134 1040 2259 2035 1242 2048 2048 2048 1957 2066 1880 2048 1549 1242 1549 1880 1880 2259 1220 1040 604 1040 1792 368 1242 1792 1160 117 2035 2048 604 432 2035 368 2066 1040 604 394 368 604 394 1909 2048 432 858 1040 1645 1549 1825 1134 432 1880 2035 2066 604 1220 1880 1645 1645 1909 1549 2048 2035 2048 2048 394 2259 1957 368 1040 1134 2259 1909 117 368 1160 432 117 1792 2048 2048 368 2066 1242 1040 1040 1645 2035 1220 117 2259 1880 1160 2259 858 1880 2259 432 1909 1957 1880 858 1134 1880 1040 1880 1957 117 1957 1825 1792 1880 604 2048 1825 117 858 2048 1645 1792 1242 1040 1825 368 1040 1645 1549 1242 1040 1909 1792 1880 1645 2066 1880 2048 1242 1040 1242 1549 1792 394 1909 1134 1880 2066 2035 2259 858 368 604 1040 2048 2048 1880 1825 2048 604 368 604 117 432 1242 1549 1880 1909 2035 1880 858 1957 368 1220 2048 2259 1792 1160 2048 432 858 1645 1242 858 1792 368 2259 2035 2259 1825 1040 858 2035 1880 1825 1220 1134 1645 2048 1134 1792 1242 1645 1792 1957 432 2259 1645 1645 368 117 604 1160 1909 1880 368 858 858 1957 368 394 432 432 1549 1825 1792 1645 2259 1909 1549 117 604 858 2066 2259 2066 604 1220 1957 1792 1134 1880 1880 1880 1549 432 117 394 604 1134 1880 1880 2035 1792 1134 1645 2035 1825 1160 117 1220 858 1549 1957 2048 1909 368 2259 1160 1549 858 1160 1792 1825 2259 1220 1160 394 858 1160 368 2035 1160 1825 1645 117 368 1549 2259 1549 1645 1549 2259 858 1825 394 1242 394 2048 2259 1792 2259 858 368 1909 1957 394 1645 394 1957 1825 432 1040 1880 1957 604 1957 368 368 394 117 1220 1792 1549 1549 1549 2035 1792 368 1549 368 604 1549 368 1040 1160 2259 2048 858 1549 2035 1880 1242 858 432 1242 1242 1160 2035 1220 1825 1160 1825 1134 368 394 1792 117 2066 604 1792 2035 1134 1792 858 117 1134 1909 1134 604 432 1957 117 2066 368 1880 1160 1792 1220 1160 1645 858 1242 2035 2259 2066 1040 2048 1880 604 2035 2066 2048 1160 604 394 1880 368 1825 2035 1880 1825 2048 2259 604 858 1909 1645 2259 1909 1792 368 1040 2259 1242 1242 432 1160 1040 432 1880 1220 1880 1957 2259 1909 1134 1909 368 1160 1825 1160 1792 1160 1792 2259 117 2035 1220 394 2066 1160 1160 1909 1825 2048 2035 2066 432 432 394 1909 1825 1134 858 1792 2259 394 1909 1880 1220 1160 1792 604 1909 1880 1825 858 1880 1880 1957 858 1242 1880 604 1134 2259 1549 1880 1645 2066 604 604 1549 368 1792 1645 2048 604 2035 1040 432 858 1880 1549 1134 368 1957 1160 1909 1242 1242 1880 1957 2259 1880 604 2066 1549 1880 1242 604 604 1220 1957 394 604 1040 368 117 2048 1040 858 1645 1825 2259 1040 1957 1825 2035 1825 1160 2259 432 1134 1220 2066 368 1880 2048 858 1909 394 1220 1792 2048 1040 368 394 117 604 432 1792 1645 2048 1160 1220 1909 1825 1792 1040 1880 2259 432 2048 1040 2066 1880 368 1040 1134 858 1825 117 368 1645 1040 2066 1549 2048 1160 1909 1909 2035 1880 1792 1880 1549 1134 1792 1909 604 117 2035 2259 394 117 1134 1880 1792 1825 1792 858 1957 368 1957 1880 858 1134 1957 2066 394 1645 1134 2066 2259 1220 368 2259 1160 1242 117 1040 1220 117 1134 2066 1134 1792 604 2066 1134 1825 1242 604 2066 394 1549 1825 1880 1825 2259 2066 1825 2035 858 394 604 1909 394 368 432 1549 1549 1957 604 368 1242 604 2048 2066 1242 1825 368 1909 1040 604 368 368 368 1242 1645 858 2066 604 1220 604 1909 2066 1242 604 117 1220 2259 432 1645 368 1220 2035 368 368 394 2048 1880 2066 1792 1220 1909 858 368 1242 1549 1645 1040 1549 1134 1909 604 2066 1825 1792 1880 858 1220 1220 1909 394 1792 1792 1909 1792 858 2066 117 1040 1242 1040 2035 1909 1040 604 432 1909 394 1792 432 1825 1134 1242 2048 2066 1880 1880 1242 1160 1645 2259 1957 604 432 432 432 2048 1220 1549 1220 368 117 394 1220 117 1880 1909 2066 2048 2066 1792 1040 1549 2048 858 368 1160 1957 2259 1957 1645 1957 432 1160 604 1792 1880 368 858 1242 858 1880 1645 1160 1880 1160 858 368 1220 2035 2048 858 368 1825 1549 1040 2066 2066 1242 2035 1825 1880 1220 1645 2066 394 368 1792 2259 368 1040 2035 1549 1549 858 2259 2259 394 858 2035 368 1825 1040 1957 1160 1825 1220 2259 1220 604 858 368 368 394 432 2259 1220 368 394 1645 2066 117 117 1880 1909 2035 1645 1792 604 1825 1792 1880 1160 1040 604 858 2035 368 604 1880 1040 604 1825 2066 2035 1825 1160 1134 1957 1549 1134 117 1825 368 368 1549 604 1549 117 2066 394 368 2066 394 604 2035 1242 1134 368 858 2048 1909 1909 394 1160 432 1549 858 2259 2066 394 2035 2048 394 1909 1549 1549 1160 1242 1645 368 2035 858 1792 432 1880 1549 432 1825 1242 858 432 1160 1880 2259 1825 2048 432 1242 2259 1040 2259 1160 858 2066 858 2035 117 1134 432 604 394 1792 1880 2035 1040 1040 368 1825 432 2035 604 1220 1957 858 858 2066 1040 1549 604 394 1645 394 604 368 2048 1957 604 368 2048 1220 2259 1040 368 1792 1880 604 1220 432 2259 1549 1645 1134 1134 2048 2259 604 1220 368 1825 1242 1957 1792 1792 1220 1040 858 2259 858 1645 2259 2066 432 858 2035 1242 2035 2035 394 1957 117 394 2259 1220 394 1220 1242 1134 1880 1957 1880 858 1549 604 2066 1880 2048 1645 394 1242 1957 1792 1040 2048 2035 604 604 2066 1134 2066 1134 2259 1909 858 1645 1792 1242 1792 2048 858 117 1909 368 117 1134 1792 1645 1909 604 1549 1160 1645 1160 1220 368 1040 1160 368 368 858 1825 858 2035 2048 1134 604 368 1825 1957 1825 1160 2066 117 858 1792 1134 858 2048 1792 1549 1880 1909 1134 1220 1645 1220 2048 2035 2048 1645 1645 1160 2066 1909 2035 1242 2035 394 604 432 2259 368 368 1220 1792 1040 1242 368 2048 432 1549 2035 1134 604 368 1549 1220 1134 2048 432 604 1880 1825 1220 1909 2035 2066 1160 1880 858 1957 117 1242 117 1645 1909 2259 858 1242 1792 1825 858 1825 2035 1957 1549 1160 1220 2048 1957 368 1549 604 1220 1242 432 117 368 1825 1957 604 1040 1040 1220 117 2048 2048 1792 2048 1645 1160 1549 1880 858 1134 1242 2048 1909 1549 1645 2035 1549 2048 1134 432 1880 1220 1909 368 604 1645 1242 1242 1220 1880 368 1645 394 1825 1909 1220 117 1220 1909 858 1909 2035 1645 1957 1825 2066 1909 1825 604 1040 2048 1792 604 604 1040 1645 604 1825 2048 432 1549 1825 1909 604 1825 2259 394 1957 1792 432 1549 2066 2066 117 394 1880 117 1220 2048 2259 2066 117 117 1909 858 2066 2259 1040 1134 394 1825 1242 1825 2035 2259 368 432 432 1134 368 394 604 1040 1040 432 604 1040 1549 1220 1645 1549 1549 117 1792 1549 1549 2048 2048 1909 2066 117 1134 2259 1040 2035 1909 858 1134 1160 604 1220 1957 394 368 1549 1645 368 1645 858 2259 1220 394 2048 2259 1825 1825 368 2066 1242 2035 432 1957 1549 368 1909 117 1792 1134 368 1242 2035 1909 1645 1040 1792 1134 432 604 858 1134 1880 432 1792 1880 1825 1792 2035 1645 858 2066 1880 2048 394 858 1825 432 117 1645 604 604 2259 2035 1825 1825 1242 604 1880 1134 1220 1549 1957 2035 1880 2259 1220 1909 432 1957 117 858 1160 604 1242 394 1549 117 2035 1792 1792 2259 368 1792 1909 368 1220 2066 2066 2066 2035 1792 1957 1792 2048 1549 432 1880 1645 1134 604 1909 2035 2035 1549 2066 1825 1792 1040 2259 117 368 1909 1880 368 368 1220 368 1957 1549 1242 394 1957 1549 432 1220 604 1242 1645 604 1040 1134 1220 1909 1242 1242 1242 858 1549 858 117 1549 1549 1160 1160 394 368 2066 1220 368 1242 1880 1549 1645 1909 1549 432 2066 1220 1792 858 2066 1880 432 432 2066 604 2066 1825 1645 2048 858 1957 1040 2035 858 1134 1220 2048 1792 1549 1909 604 1909 394 2035 1957 1645 368 432 2066 1909 1792 2259 1957 1040 1242 1957 2066 368 117 368 117 2035 432 1645 1549 1957 1040 1909 1242 1040 1792 1220 2035 1825 2048 1220 1160 1880 368 1160 1909 604 1792 432 2048 1220 117 2035 858 1645 2035 1957 2048 2259 1549 1825 1645 368 1825 858 394 2066 1792 1792 2259 117 1825 2048 432 858 117 604 2048 1880 1825 2259 368 368 1160 1549 2259 1220 1242 1880 1792 2066 2048 1880 1880 2259 1220 1825 1040 1220 858 1957 2066 1792 858 1549 1880 2259 1645 604 1909 1040 1957 1134 858 1242 1957 858 1160 1909 117 1134 1134 1549 1645 1792 2035 1242 1957 1880 1645 604 604 1160 1220 394 1549 1825 1549 1134 2048 1549 2259 394 1040 1909 1040 117 1242 1549 117 1880 2048 1549 1549 1957 604 1825 604 1549 1134 1957 2035 858 1957 1549 1957 1792 2259 1242 1160 1792 1880 2066 117 1957 1242 2035 1792 2048 1792 432 1880 1549 1242 432 1825 858 604 117 1220 1880 432 1220 432 2035 1549 368 368 1957 2259 1880 1909 1957 1825 2259 1040 394 1040 1792 2259 1242 1040 2048 2035 1549 1549 1957 858 1242 1160 368 1792 604 2259 1645 1549 1792 394 1825 394 2035 1792 604 2259 1645 368 368 368 1160 1134 2259 1825 394 1645 394 394 1957 394 368 1909 1909 432 1549 1792 2035 432 368 117 1160 1825 1549 368 394 2048 1645 117 1909 368 1880 394 1880 117 2035 1160 1792 604 1549 1909 1242 1645 1792 1220 1957 2035 1645 432 1645 1160 858 1220 858 858 432 1134 1825 604 1880 604 2035 394 604 1160 1134 1645 1880 2048 1880 1134 1825 117 2048 1160 368 1549 2035 2048 1880 1134 368 1242 1242 1792 1549 1134 1160 1909 1957 1160 1160 1134 1549 394 1040 1160 1880 1909 858 368 368 1645 1880 117 1220 1957 1134 117 1134 858 1549 858 368 604 1549 1134 1792 1645 1825 1549 394 2048 1160 1549 1825 2035 1645 858 1134 604 432 1792 1880 2259 858 1957 858 117 1160 2048 858 117 2035 1880 1134 1792 604 432 2259 1909 117 1242 1909 604 858 1220 394 1242 1134 368 1792 2259 858 1549 1880 368 1160 1549 2259 1880 858 1792 1880 1957 117 1242 1957 1880 117 2035 2066 1242 1645 1825 604 604 1645 1880 1645 394 2259 432 1792 1549 1160 604 1134 1825 1645 394 1040 2048 1792 1909 1220 432 1549 394 1909 1957 1134 2259 1040 2035 1134 2259 1040 604 1909 2035 1792 1040 368 1242 1549 1134 2048 1957 2259 394 1220 604 1880 2035 1909 1825 1645 1825 1792 432 1909 1645 858 1909 2066 394 2048 1549 368 1645 1040 604 1040 1040 2066 1909 1792 1957 2066 1242 1549 117 1220 1134 1957 117 117 368 1825 1134 2259 432 1134 1040 2066 1909 1957 1645 2035 2035 858 2035 1220 432 1220 2035 1825 1957 1880 2048 2035 604 1220 1040 1909 2035 368 1909 2048 1645 2048 1160 2048 1957 2035 368 1220 1242 1220 1549 2035 2259 1242 2259 1134 2048 1220 1242 117 368 2066 1242 1645 2066 1549 604 1909 1220 117 1645 1549 1220 1909 368 604 2259 1134 2259 1909 1880 1792 604 604 1825 2048 1220 1825 1549 604 1880 1134 604 1549 1242 117 394 1909 2035 432 1957 368 2048 1645 1242 2048 1957 2259 2035 432 1792 1880 368 1909 2259 858 1880 858 1220 1645 1220 1242 1160 1880 1909 1242 858 2035 368 604 1645 368 1040 2035 117 2259 1880 2259 1134 2066 604 1040 2066 1957 1160 1792 394 1880 1134 117 858 1880 858 1242 1160 2259 1549 1645 858 117 1040 1134 2048 1242 117 1792 394 1909 1792 1880 1242 2066 1825 1549 2048 1040 2035 1040 2259 1909 858 1220 117 1645 117 1792 1880 1880 2048 394 1134 1134 1040 2048 1792 1957 858 1549 394 1880 858 604 2035 2066 1880 1792 2048 858 368 604 1792 1792 1040 2035 2259 2048 1645 2066 1957 117 604 1134 2066 1040 117 368 117 2259 1957 1220 1880 1160 1549 2035 1880 1134 2035 2259 1792 1957 1160 2035 1242 368 1549 1957 368 604 1134 604 2066 2035 1040 1645 1909 604 1880 858 394 1242 604 1880 368 1242 1220 368 117 1880 1909 604 1040 1645 1792 2035 1909 117 1645 604 1134 1040 1220 117 858 1220 2035 2035 117 1549 2035 2259 858 1242 368 1134 368 1040 1880 1645 1040 1792 1549 2035 368 394 1880 432 858 1134 432 1549 1909 394 604 2066 1825 1242 2259 394 1880 1645 1160 1160 1792 2066 1825 2066 1242 1242 2035 1909 1957 1880 117 2066 368 1040 2035 1040 1880 368 394 1909 2259 2048 1160 858 1909 604 2035 1909 604 2066 1242 432 2259 1792 394 1645 1134 2259 1825 2259 1040 2048 432 2035 1645 2066 1134 1242 2259 368 1957 1160 2259 2066 1549 394 604 2048 394 1160 858 432 1220 1825 368 1549 117 1957 1134 368 394 604 858 368 2048 1645 1220 117 1040 1220 1549 1909 2035 1220 1909 368 858 2066 604 1792 2066 1134 1645 2035 1880 117 2066
# N_FACS: 22
# INDEXES: 117 368 394 432 604 858 1040 1134 1160 1220 1242 1549 1645 1792 1825 1880 1909 1957 2035 2048 2066 2259 
FAC 117 : 15 31 44 82 117 163 167 179 197 205 250 298 318 334 347 373 408 445 453 460 524 607 637 661 680 684 709 712 769 811 845 848 935 936 965 972 1031 1104 1144 1147 1176 1235 1237 1260 1268 1305 1342 1345 1350 1351 1381 1389 1424 1455 1477 1484 1517 1547 1607 1609 1635 1654 1659 1703 1730 1733 1757 1772 1841 1849 1855 1893 1925 1929 1959 1963 1972 1996 2000 2083 2087 2088 2140 2150 2176 2215 2230 2240 2245 2263 2265 2300 2305 2307 2347 2356 2362 2367 2413 2469 2480 2498
FAC 368 : 12 23 25 52 56 74 113 123 128 158 164 171 213 239 248 260 273 297 303 307 354 368 374 391 405 406 416 418 421 442 462 485 499 516 572 584 606 625 635 656 662 692 705 738 744 751 755 756 757 774 777 778 787 844 859 871 881 886 900 903 914 925 926 931 951 967 968 975 982 1004 1041 1058 1062 1067 1082 1146 1158 1161 1162 1170 1205 1206 1211 1218 1254 1261 1292 1299 1364 1368 1402 1405 1415 1422 1427 1489 1492 1518 1521 1522 1524 1553 1556 1595 1606 1608 1627 1646 1665 1666 1780 1781 1804 1819 1820 1821 1832 1840 1845 1851 1896 1902 1921 1922 1934 1981 1987 2044 2070 2089 2118 2127 2141 2155 2182 2193 2209 2212 2289 2306 2324 2327 2343 2346 2373 2375 2383 2415 2420 2452 2467 2472 2476 2488
FAC 394 : 0 9 16 36 65 79 127 130 155 231 308 335 365 383 385 394 396 407 443 483 527 538 545 603 630 636 683 699 724 734 737 779 804 821 846 899 911 927 932 974 977 987 994 997 1035 1054 1056 1102 1105 1108 1122 1201 1301 1335 1343 1358 1369 1401 1410 1451 1482 1528 1552 1591 1649 1718 1726 1790 1811 1813 1826 1828 1829 1831 1846 1853 1883 1915 1942 1978 2011 2021 2029 2051 2067 2177 2227 2247 2270 2279 2339 2384 2392 2398 2421 2437 2458 2461 2473
FAC 432 : 28 49 55 69 121 133 140 166 187 251 267 293 309 310 333 399 432 458 504 507 536 537 579 621 639 651 739 772 819 823 837 838 839 866 928 989 1008 1011 1015 1021 1033 1043 1072 1096 1203 1213 1223 1259 1288 1328 1338 1365 1366 1373 1419 1435 1440 1454 1475 1503 1531 1563 1570 1571 1596 1611 1632 1657 1764 1768 1775 1777 1835 1839 1869 1876 1952 1969 2013 2027 2061 2093 2105 2180 2190 2386 2389 2434 2445 2464
FAC 604 : 17 24 33 61 72 83 110 120 126 129 144 202 240 247 249 299 319 324 336 403 419 447 457 477 482 492 551 562 569 570 576 594 599 600 604 638 679 717 722 735 743 746 754 762 764 768 795 818 836 868 923 942 948 952 955 970 978 1034 1045 1053 1057 1061 1070 1080 1117 1129 1130 1152 1169 1202 1217 1224 1256 1264 1293 1317 1321 1322 1325 1332 1370 1374 1398 1436 1457 1458 1464 1480 1507 1533 1536 1573 1589 1630 1660 1692 1714 1715 1739 1741 1771 1806 1816 1859 1879 1881 1884 1935 1951 1968 1975 2006 2007 2017 2039 2053 2073 2113 2147 2156 2163 2164 2170 2173 2210 2221 2282 2290 2301 2328 2330 2336 2341 2350 2358 2393 2428 2431 2459 2474 2491
FAC 858 : 3 4 7 10 47 64 84 86 134 184 191 206 238 258 268 271 279 304 305 320 349 358 366 381 390 426 431 452 469 493 542 555 559 580 610 628 659 690 695 733 760 786 800 809 858 872 874 880 885 908 912 924 949 983 991 1006 1014 1027 1029 1048 1049 1090 1092 1097 1115 1137 1143 1163 1165 1177 1180 1233 1241 1245 1277 1308 1353 1395 1407 1437 1447 1452 1478 1544 1546 1567 1578 1582 1637 1648 1658 1683 1687 1697 1700 1746 1770 1801 1872 1874 1875 1920 1931 1933 1949 1956 1958 1962 1976 1984 1992 2064 2102 2196 2198 2207 2231 2233 2239 2261 2277 2281 2288 2338 2363 2371 2387 2426 2463 2475 2489
FAC 1040 : 32 35 60 62 89 91 109 111 125 135 159 174 175 194 211 214 218 227 241 278 400 422 474 500 506 578 605 609 614 634 648 653 657 664 710 753 791 812 814 817 855 889 904 916 947 954 1024 1039 1040 1051 1066 1089 1126 1159 1209 1265 1266 1318 1323 1356 1371 1372 1375 1392 1432 1515 1537 1580 1602 1615 1618 1681 1694 1727 1729 1789 1791 1795 1916 2022 2034 2038 2043 2072 2074 2075 2095 2115 2213 2222 2241 2256 2258 2273 2293 2304 2333 2351 2360 2376 2379 2416 2418 2443 2481
FAC 1134 : 13 46 59 70 90 139 160 192 233 284 287 328 337 342 441 450 454 456 514 541 563 583 622 658 676 685 696 701 713 715 719 793 825 961 964 981 1032 1076 1077 1111 1132 1134 1148 1168 1179 1186 1216 1221 1278 1287 1357 1367 1390 1396 1426 1434 1438 1466 1506 1538 1583 1696 1704 1705 1722 1743 1823 1877 1886 1891 1901 1907 1913 1928 1930 1937 1950 1966 1980 2018 2032 2036 2047 2085 2091 2094 2136 2158 2172 2219 2229 2242 2271 2272 2302 2316 2329 2359 2374 2388 2439 2449 2471 2494
FAC 1160 : 43 58 116 165 182 265 300 346 356 359 364 367 370 423 435 439 464 467 481 505 517 519 521 529 530 549 586 619 643 668 707 832 860 867 877 879 918 946 960 988 1001 1016 1026 1154 1156 1160 1174 1195 1231 1250 1274 1397 1479 1550 1551 1625 1628 1667 1701 1716 1753 1803 1822 1842 1857 1871 1885 1895 1908 1911 1912 1917 1944 1960 1988 2016 2123 2203 2225 2235 2312 2321 2401 2402 2425 2454 2462
FAC 1220 : 41 68 108 145 178 261 283 325 348 363 409 437 466 509 526 548 601 623 631 644 704 711 763 770 775 784 801 802 841 843 847 882 896 920 922 930 1046 1064 1071 1081 1088 1107 1109 1157 1187 1189 1207 1220 1227 1251 1257 1267 1290 1297 1304 1306 1346 1377 1399 1409 1467 1473 1493 1523 1532 1539 1555 1565 1584 1620 1624 1634 1670 1679 1682 1717 1773 1776 1865 1873 1926 1977 2026 2052 2084 2104 2106 2114 2128 2130 2138 2149 2153 2167 2199 2201 2262 2310 2345 2361 2364 2465 2479 2482 2486
FAC 1242 : 30 51 94 103 114 173 210 217 226 228 252 270 289 384 430 433 434 470 502 503 560 588 589 598 708 721 745 749 758 767 788 813 826 831 873 892 980 1002 1013 1022 1084 1099 1110 1123 1140 1199 1210 1236 1242 1258 1279 1295 1296 1360 1417 1428 1463 1481 1527 1534 1541 1542 1543 1557 1603 1617 1671 1698 1710 1731 1752 1759 1767 1794 1802 1862 1903 1904 1973 1979 1997 2003 2045 2081 2129 2134 2139 2143 2175 2185 2202 2206 2234 2244 2251 2323 2340 2344 2372 2396 2407 2408 2433 2450
FAC 1549 : 1 8 29 38 53 66 71 102 104 137 150 216 229 253 311 317 332 350 357 375 377 379 411 412 413 417 420 427 565 571 582 596 666 675 725 740 741 789 792 842 856 888 906 907 963 969 971 990 999 1000 1010 1052 1074 1116 1153 1183 1214 1219 1249 1255 1275 1282 1285 1329 1339 1376 1379 1380 1383 1384 1403 1421 1468 1483 1502 1511 1526 1530 1545 1548 1549 1559 1562 1587 1613 1643 1668 1688 1706 1719 1721 1724 1732 1736 1737 1742 1748 1766 1779 1798 1799 1809 1836 1844 1860 1897 1906 1914 1932 1936 1941 1945 1985 1989 2015 2028 2046 2069 2082 2131 2146 2152 2169 2174 2237 2254 2278 2313 2325 2368 2381 2390 2457 2468 2483
FAC 1645 : 34 77 136 147 148 176 208 215 222 269 285 290 295 296 314 343 372 378 395 468 495 567 574 611 641 663 700 759 773 790 833 864 876 897 933 940 1003 1055 1075 1093 1121 1138 1150 1155 1188 1193 1194 1238 1273 1283 1294 1300 1311 1324 1378 1404 1406 1431 1446 1456 1505 1535 1560 1576 1594 1612 1638 1645 1691 1707 1713 1808 1818 1827 1848 1863 1868 1870 1887 1923 1939 1948 2004 2008 2010 2020 2058 2063 2071 2099 2121 2144 2151 2184 2200 2211 2238 2264 2297 2334 2352 2357 2378 2400 2438 2447 2478 2495
FAC 1792 : 37 67 80 87 112 115 168 200 209 220 230 264 272 288 291 313 327 341 360 388 410 415 444 448 451 465 498 520 522 543 550 573 632 640 647 673 677 687 689 716 783 798 805 806 808 822 854 869 901 941 944 1007 1036 1068 1086 1087 1125 1139 1141 1149 1178 1182 1208 1243 1271 1320 1337 1382 1425 1433 1441 1444 1486 1487 1490 1498 1500 1514 1566 1586 1599 1619 1631 1651 1652 1673 1686 1708 1750 1754 1761 1763 1792 1805 1810 1815 1837 1858 1864 1905 1938 1953 1967 1982 1993 2014 2024 2042 2060 2078 2162 2191 2226 2246 2249 2266 2275 2286 2291 2292 2319 2353 2380 2403 2436 2492
FAC 1825 : 6 11 45 50 63 138 199 204 212 245 277 282 312 345 361 371 382 398 438 440 486 489 518 532 540 554 612 616 618 646 660 688 720 726 728 731 750 797 824 887 894 915 919 943 956 959 966 1012 1019 1042 1083 1164 1171 1173 1226 1244 1246 1262 1302 1313 1316 1326 1330 1333 1359 1361 1413 1414 1443 1453 1461 1462 1513 1575 1622 1644 1647 1655 1663 1680 1720 1740 1769 1787 1812 1825 1843 1878 1892 1940 1946 2005 2019 2057 2059 2090 2108 2165 2168 2253 2395 2405 2441 2466
FAC 1880 : 2 39 81 85 100 105 106 141 146 181 185 190 193 195 201 221 224 234 244 254 257 281 302 329 330 331 338 339 401 429 463 476 484 488 508 510 547 553 556 557 561 566 581 590 593 597 626 649 655 672 674 686 694 727 781 799 829 830 849 870 875 878 895 937 945 953 1009 1017 1037 1069 1112 1114 1119 1184 1225 1232 1276 1289 1298 1344 1439 1442 1449 1465 1471 1504 1520 1558 1569 1626 1662 1672 1676 1677 1689 1712 1734 1755 1765 1774 1784 1852 1854 1880 1888 1890 1900 1918 1924 1954 1965 1986 1991 1994 1999 2009 2054 2110 2161 2171 2192 2197 2204 2217 2228 2232 2250 2267 2268 2280 2285 2311 2315 2337 2342 2348 2377 2385 2399 2412 2419 2497
FAC 1909 : 75 76 131 149 162 188 219 232 255 301 316 353 392 455 494 497 513 515 531 539 546 552 587 629 645 669 670 678 736 752 765 785 794 803 807 816 820 850 938 985 986 998 1136 1145 1151 1185 1197 1228 1239 1281 1291 1303 1307 1309 1315 1331 1352 1387 1394 1423 1430 1474 1491 1508 1519 1540 1561 1588 1590 1598 1616 1629 1693 1702 1728 1785 1833 1834 1850 1861 1909 1919 1971 1974 2025 2030 2040 2056 2062 2065 2077 2097 2116 2119 2148 2154 2160 2178 2194 2205 2248 2260 2335 2349 2355 2391 2410 2422 2427 2430 2484 2487
FAC 1957 : 54 98 157 189 196 198 259 292 306 326 351 393 397 402 404 459 511 558 585 591 602 615 691 693 697 742 835 861 863 865 917 962 1047 1060 1085 1103 1113 1124 1172 1234 1248 1253 1263 1312 1336 1400 1420 1469 1476 1499 1525 1529 1579 1593 1601 1604 1614 1640 1684 1695 1699 1711 1738 1744 1747 1749 1758 1782 1786 1800 1830 1866 1910 1927 1957 1995 1998 2031 2049 2079 2086 2098 2109 2125 2181 2187 2224 2276 2299 2309 2320 2326 2411 2453 2470
FAC 2035 : 21 26 73 78 93 118 122 142 152 177 236 256 275 280 340 344 369 414 428 436 449 471 478 487 525 534 577 617 671 681 732 776 815 883 893 905 913 939 950 958 979 995 1005 1030 1038 1044 1098 1100 1101 1128 1166 1191 1198 1200 1215 1229 1247 1284 1310 1362 1393 1418 1429 1445 1460 1470 1485 1497 1509 1510 1581 1592 1610 1621 1636 1639 1709 1745 1760 1778 1797 1814 1838 1856 1867 1882 1898 1947 1964 2001 2035 2041 2055 2100 2101 2103 2107 2112 2117 2126 2132 2179 2189 2208 2214 2257 2283 2294 2314 2317 2322 2332 2354 2365 2366 2369 2382 2409 2417 2429 2446 2485 2496
FAC 2048 : 5 14 88 95 96 97 101 119 132 151 153 154 169 170 203 207 225 242 243 246 262 266 286 352 386 425 475 480 490 533 575 608 627 633 642 652 667 747 780 827 840 852 857 884 984 996 1020 1059 1063 1078 1120 1127 1142 1167 1181 1190 1192 1212 1222 1252 1269 1270 1272 1280 1286 1319 1327 1347 1385 1386 1411 1450 1501 1577 1585 1623 1633 1641 1656 1661 1675 1723 1735 1762 1796 1847 1889 1894 1899 1943 1961 2023 2048 2068 2111 2120 2122 2124 2137 2166 2183 2186 2243 2255 2269 2274 2287 2296 2424 2444 2460 2477
FAC 2066 : 18 20 42 48 99 124 143 172 223 235 321 323 446 461 473 479 528 535 568 595 624 654 665 698 702 714 718 723 730 748 761 766 782 796 810 828 851 853 890 891 898 934 957 973 976 993 1028 1050 1095 1118 1131 1133 1175 1196 1230 1314 1340 1341 1349 1354 1388 1416 1448 1494 1495 1496 1512 1554 1564 1568 1572 1574 1597 1605 1650 1674 1685 1756 2002 2066 2076 2080 2096 2142 2145 2220 2223 2252 2284 2298 2303 2331 2394 2404 2406 2414 2432 2448 2456 2490 2493 2499
FAC 2259 : 19 22 27 40 57 92 107 156 161 180 183 186 237 263 274 276 294 315 322 355 362 376 380 387 389 424 472 491 496 501 512 523 544 564 592 613 620 650 682 703 706 729 771 834 862 902 909 910 921 929 992 1018 1023 1025 1065 1073 1079 1091 1094 1106 1135 1204 1240 1334 1348 1355 1363 1391 1408 1412 1459 1472 1488 1516 1600 1642 1653 1664 1669 1678 1690 1725 1751 1783 1788 1793 1807 1817 1824 1955 1970 1983 1990 2012 2033 2037 2050 2092 2133 2135 2157 2159 2188 2195 2216 2218 2236 2259 2295 2308 2318 2370 2397 2423 2435 2440 2442 2451 2455
