== PROBLEM ==
# N_FACILITIES: 500
# N_CLIENTS: 500
# SIZE_RESTRICTION_MINIMUM: -1
# SIZE_RESTRICTION_MAXIMUM: -1

== RUN DATA ==
# FILTER: BETTER_THAN_ALL_PARENTS (3)
# TARGET_SOLS: 1
# PRECOMP_CLIENT_OPTIMAL_GAIN: 0.000000
# N_THREADS: 4
# SELECT_ONLY_TERMINAL: 1
# LOCAL_SEARCH: SWAP_RESENDE_WERNECK
# LOCAL_SEARCH_BEFORE_SELECT: 1
# LOCAL_SEARCH_REM_MOVEMENT: 1
# LOCAL_SEARCH_ADD_MOVEMENT: 1
# BRANCHING_FACTOR: 8
# BRANCHING_FACTOR_CORRECTION: 1
# PATH_RELINKING: PATH_RELINKING_UNTIL_NO_BETTER
# PATH_RELINKING_LOCAL_SEARCH: SWAP_RESENDE_WERNECK
# RANDOM_SEED: 1621838443
# RESTARTS: 1
# VERBOSE: 0
# BRANCH_AND_BOUND: 0 (deprecated)
# LOWER_BOUND: -99169.000000 

# REDUCTION: sdbs+:200:mgesum _best:400
# INPUT_FILE: "problems_kmedian_original/500-1000"
# CPU_TIME: 1645.040039
# ELAPSED: 680.777100
# VIRT_MEM_PEAK_KB: 616736
# TOTAL_ITERATIONS: 352

== LOCAL SEARCH INFO ==
# LOCAL_SEARCH_CPU_TIME: 35.610000
# N_LOCAL_SEARCHES: 58862
# AVG_LOCAL_SEARCH_MOVES: 1.786093

== PATH RELINKING INFO ==
# PATH_RELINKING_CPU_TIME: 182.010000
== FIRST RESTART INFO ==
# FIRST_ITERATIONS: 352
# FIRST_PER_SIZE_SOLS:             1    500   1597   1600   1600   1600   1599   1599   1598   1600   1599   1599   1599   1600   1596   1597   1599   1597   1596   1598   1597   1599   1598   1596   1593   1598   1596   1600   1597   1593   1594   1596   1591   1590   1589   1594   1588   1589   1591   1582   1589   1591   1583   1582   1584   1580   1575   1568   1566   1574   1573   1566   1566   1567   1578   1572   1570   1568   1562   1564   1560   1552   1554   1566   1557   1557   1554   1547   1534   1546   1547   1545   1530   1518   1512   1520   1514   1514   1516   1526   1498   1523   1507   1492   1485   1503   1484   1511   1496   1483   1480   1498   1479   1464   1472   1473   1470   1469   1453   1435   1443   1438   1440   1424   1451   1435   1435   1419   1439   1426   1427   1411   1416   1392   1384   1396   1389   1377   1417   1363   1376   1396   1374   1363   1369   1340   1355   1351   1349   1352   1352   1317   1351   1333   1332   1335   1317   1303   1317   1307   1310   1283   1274   1301   1288   1277   1259   1264   1252   1255   1254   1247   1248   1261   1254   1231   1219   1253   1211   1187   1185   1222   1173   1185   1155   1203   1180   1138   1177   1170   1144   1140   1152   1174   1147   1150   1158   1141   1143   1158   1139   1118   1112   1139   1131   1107   1083   1085   1081   1087   1066   1065   1071   1087   1041   1063   1050   1057   1010    989   1001   1024   1019    975    998    977    992    985    975    981    985    958    951    965    958    951    941    933    958    913    940    919    915    925    887    907    905    864    851    884    913    868    851    859    857    871    837    859    819    836    838    835    824    804    800    806    763    786    773    792    752    748    765    786    734    731    793    765    736    726    690    714    708    683    704    670    703    691    711    681    648    663    628    630    626    642    635    594    595    608    628    590    568    624    562    609    594    570    558    560    555    572    529    498    527    469    507    491    497    482    461    467    448    452    465    445    447    412    410    413    413    403    419    393    401    393    391    370    358    351    357    336    348    304    301    329    324    296    276    292    269    284    240    253    245    227    241    241    209    206    215    195    189    170    138     99     88     69     48     21      7      1
# FIRST_PER_SIZE_SOLS_RED:         1    200    200    200    200    200    200    200    200    200    200    200    200    200    200    200    200    200    200    200    200    200    200    200    200    200    200    200    200    200    200    200    200    200    200    200    200    200    200    200    200    200    200    200    200    200    200    200    200    200    200    200    200    200    200    200    200    200    200    200    200    200    200    200    200    200    200    200    200    200    200    200    200    200    200    200    200    200    200    200    200    200    200    200    200    200    200    200    200    200    200    200    200    200    200    200    200    200    200    200    200    200    200    200    200    200    200    200    200    200    200    200    200    200    200    200    200    200    200    200    200    200    200    200    200    200    200    200    200    200    200    200    200    200    200    200    200    200    200    200    200    200    200    200    200    200    200    200    200    200    200    200    200    200    200    200    200    200    200    200    200    200    200    200    200    200    200    200    200    200    200    200    200    200    200    200    200    200    200    200    200    200    200    200    200    200    200    200    200    200    200    200    200    200    200    200    200    200    200    200    200    200    200    200    200    200    200    200    200    200    200    200    200    200    200    200    200    200    200    200    200    200    200    200    200    200    200    200    200    200    200    200    200    200    200    200    200    200    200    200    200    200    200    200    200    200    200    200    200    200    200    200    200    200    200    200    200    200    200    200    200    200    200    200    200    200    200    200    200    200    200    200    200    200    200    200    200    200    200    200    200    200    200    200    200    200    200    200    200    200    200    200    200    200    200    200    200    200    200    200    200    200    200    200    200    200    200    200    200    200    200    200    200    200    200    200    200    200    200    200    200    200    200    200    200    200    200    200    200    200    200    200    200    200    200    200    200    200    200    200    200    195    189    170    138     99     88     69     48     21      7      1
# FIRST_PER_SIZE_LOCAL_OPT:        0      0      0      0      0      0      0      0      0      0      0      0      0      0      0      0      0      0      0      0      0      0      0      0      0      0      0      0      0      0      0      0      0      0      0      0      0      0      0      0      0      0      0      0      0      0      0      0      0      0      0      0      0      0      0      0      0      0      0      0      0      0      0      0      0      0      0      0      0      0      0      0      0      0      0      0      0      0      0      0      0      0      0      0      0      0      0      0      0      0      0      0      0      0      0      0      0      0      0      0      0      0      0      0      0      0      0      0      0      0      0      0      0      0      0      0      0      0      0      0      0      0      0      0      0      0      0      0      0      0      0      0      0      0      0      0      0      0      0      0      0      0      0      0      0      0      0      0      0      0      0      0      0      0      0      0      0      0      0      0      0      0      0      0      0      0      0      0      0      0      0      0      0      0      0      0      0      0      0      0      0      0      0      0      0      0      0      0      0      0      0      0      0      0      0      0      0      0      0      0      0      0      0      0      0      0      0      0      0      0      0      0      0      0      0      0      0      0      0      0      0      0      0      0      0      0      0      0      0      0      0      0      0      0      0      0      0      0      0      0      0      0      0      0      0      0      0      0      0      0      0      0      0      0      0      0      0      0      0      0      0      0      0      0      0      0      0      0      0      0      0      0      0      0      0      0      0      0      0      0      0      0      0      0      0      0      0      0      0      0      0      0      0      0      0      0      0      0      0      0      0      0      0      0      0      0      0      0      0      0      0      0      0      0      0      0      0      0      0      0      0      0      0      0      0      0      0      0      0      0      0      0      0      0      0      0      0      0      0      0      0      0      0      0      0      0      0      0      0      0      0      0

== PER RESTART INFO ==
# RST        0 -99169.000000 1645.040000

== SOLUTIONS DATA ==
# OUTPUT_SOLUTIONS: 1

== SOLUTION ==
# VALUE: -99169.000000
# ASSIGNS: 0 1 2 198 4 5 6 7 296 9 10 11 222 10 241 314 16 17 18 19 20 21 376 23 24 25 26 27 28 29 30 31 32 33 34 35 36 142 38 39 40 41 42 43 44 45 46 47 296 49 425 51 52 181 179 55 157 57 58 59 60 325 62 63 64 65 16 67 174 69 70 71 72 426 365 75 76 77 312 163 80 81 82 5 167 85 86 87 88 210 90 118 132 93 129 95 153 97 202 71 187 222 102 294 104 105 106 107 108 35 214 111 182 172 114 115 116 483 118 119 120 390 122 123 124 49 126 127 178 129 484 131 132 93 167 236 136 52 138 139 140 453 142 143 467 145 146 147 148 495 425 151 123 153 154 155 156 157 158 159 160 209 162 163 164 326 166 167 411 169 34 171 172 173 174 175 176 177 178 179 180 181 182 183 184 185 374 187 188 189 335 107 192 193 194 95 312 397 198 199 200 201 202 339 243 205 71 207 464 209 210 472 234 213 214 266 216 9 179 219 487 221 222 223 395 225 374 227 228 229 230 231 232 312 234 235 236 237 1 239 240 241 242 243 244 245 246 247 248 249 250 52 252 253 320 255 71 173 258 406 355 414 262 147 264 177 266 229 272 242 270 486 272 273 274 275 276 107 278 221 231 281 282 185 252 285 42 287 30 230 290 427 367 236 294 10 296 297 298 299 300 153 302 303 304 305 484 307 308 169 464 479 312 313 314 315 181 478 318 319 320 321 322 323 324 325 326 234 328 320 330 496 21 333 387 335 230 337 338 339 129 24 342 423 344 36 34 428 348 349 350 425 352 364 202 355 356 426 157 359 360 375 362 70 364 365 47 367 473 369 370 371 372 330 374 375 376 377 43 313 365 381 382 383 384 385 235 387 388 389 390 391 392 393 394 395 396 397 398 399 27 401 402 397 404 405 406 407 81 409 104 411 333 241 414 415 416 417 169 419 420 394 129 423 424 425 426 427 428 429 430 240 335 433 434 435 198 392 438 411 47 441 314 443 444 445 446 305 448 180 157 451 231 453 445 396 423 457 300 414 460 214 1 463 464 465 466 467 307 469 470 471 472 473 474 475 476 477 478 479 480 481 482 483 484 416 486 487 488 489 235 491 75 376 240 495 496 364 498 499
# N_FACS: 334
# INDEXES: 0 1 2 4 5 6 7 9 10 11 16 17 18 19 20 21 23 24 25 26 27 28 29 30 31 32 33 34 35 36 38 39 40 41 42 43 44 45 46 47 49 51 52 55 57 58 59 60 62 63 64 65 67 69 70 71 72 75 76 77 80 81 82 85 86 87 88 90 93 95 97 102 104 105 106 107 108 111 114 115 116 118 119 120 122 123 124 126 127 129 131 132 136 138 139 140 142 143 145 146 147 148 151 153 154 155 156 157 158 159 160 162 163 164 166 167 169 171 172 173 174 175 176 177 178 179 180 181 182 183 184 185 187 188 189 192 193 194 198 199 200 201 202 205 207 209 210 213 214 216 219 221 222 223 225 227 228 229 230 231 232 234 235 236 237 239 240 241 242 243 244 245 246 247 248 249 250 252 253 255 258 262 264 266 270 272 273 274 275 276 278 281 282 285 287 290 294 296 297 298 299 300 302 303 304 305 307 308 312 313 314 315 318 319 320 321 322 323 324 325 326 328 330 333 335 337 338 339 342 344 348 349 350 352 355 356 359 360 362 364 365 367 369 370 371 372 374 375 376 377 381 382 383 384 385 387 388 389 390 391 392 393 394 395 396 397 398 399 401 402 404 405 406 407 409 411 414 415 416 417 419 420 423 424 425 426 427 428 429 430 433 434 435 438 441 443 444 445 446 448 451 453 457 460 463 464 465 466 467 469 470 471 472 473 474 475 476 477 478 479 480 481 482 483 484 486 487 488 489 491 495 496 498 499 
FAC 0 : 0
FAC 1 : 1 238 462
FAC 2 : 2
FAC 4 : 4
FAC 5 : 5 83
FAC 6 : 6
FAC 7 : 7
FAC 9 : 9 217
FAC 10 : 10 13 295
FAC 11 : 11
FAC 16 : 16 66
FAC 17 : 17
FAC 18 : 18
FAC 19 : 19
FAC 20 : 20
FAC 21 : 21 332
FAC 23 : 23
FAC 24 : 24 341
FAC 25 : 25
FAC 26 : 26
FAC 27 : 27 400
FAC 28 : 28
FAC 29 : 29
FAC 30 : 30 288
FAC 31 : 31
FAC 32 : 32
FAC 33 : 33
FAC 34 : 34 170 346
FAC 35 : 35 109
FAC 36 : 36 345
FAC 38 : 38
FAC 39 : 39
FAC 40 : 40
FAC 41 : 41
FAC 42 : 42 286
FAC 43 : 43 378
FAC 44 : 44
FAC 45 : 45
FAC 46 : 46
FAC 47 : 47 366 440
FAC 49 : 49 125
FAC 51 : 51
FAC 52 : 52 137 251
FAC 55 : 55
FAC 57 : 57
FAC 58 : 58
FAC 59 : 59
FAC 60 : 60
FAC 62 : 62
FAC 63 : 63
FAC 64 : 64
FAC 65 : 65
FAC 67 : 67
FAC 69 : 69
FAC 70 : 70 363
FAC 71 : 71 99 206 256
FAC 72 : 72
FAC 75 : 75 492
FAC 76 : 76
FAC 77 : 77
FAC 80 : 80
FAC 81 : 81 408
FAC 82 : 82
FAC 85 : 85
FAC 86 : 86
FAC 87 : 87
FAC 88 : 88
FAC 90 : 90
FAC 93 : 93 133
FAC 95 : 95 195
FAC 97 : 97
FAC 102 : 102
FAC 104 : 104 410
FAC 105 : 105
FAC 106 : 106
FAC 107 : 107 191 277
FAC 108 : 108
FAC 111 : 111
FAC 114 : 114
FAC 115 : 115
FAC 116 : 116
FAC 118 : 91 118
FAC 119 : 119
FAC 120 : 120
FAC 122 : 122
FAC 123 : 123 152
FAC 124 : 124
FAC 126 : 126
FAC 127 : 127
FAC 129 : 94 129 340 422
FAC 131 : 131
FAC 132 : 92 132
FAC 136 : 136
FAC 138 : 138
FAC 139 : 139
FAC 140 : 140
FAC 142 : 37 142
FAC 143 : 143
FAC 145 : 145
FAC 146 : 146
FAC 147 : 147 263
FAC 148 : 148
FAC 151 : 151
FAC 153 : 96 153 301
FAC 154 : 154
FAC 155 : 155
FAC 156 : 156
FAC 157 : 56 157 358 450
FAC 158 : 158
FAC 159 : 159
FAC 160 : 160
FAC 162 : 162
FAC 163 : 79 163
FAC 164 : 164
FAC 166 : 166
FAC 167 : 84 134 167
FAC 169 : 169 309 418
FAC 171 : 171
FAC 172 : 113 172
FAC 173 : 173 257
FAC 174 : 68 174
FAC 175 : 175
FAC 176 : 176
FAC 177 : 177 265
FAC 178 : 128 178
FAC 179 : 54 179 218
FAC 180 : 180 449
FAC 181 : 53 181 316
FAC 182 : 112 182
FAC 183 : 183
FAC 184 : 184
FAC 185 : 185 283
FAC 187 : 100 187
FAC 188 : 188
FAC 189 : 189
FAC 192 : 192
FAC 193 : 193
FAC 194 : 194
FAC 198 : 3 198 436
FAC 199 : 199
FAC 200 : 200
FAC 201 : 201
FAC 202 : 98 202 354
FAC 205 : 205
FAC 207 : 207
FAC 209 : 161 209
FAC 210 : 89 210
FAC 213 : 213
FAC 214 : 110 214 461
FAC 216 : 216
FAC 219 : 219
FAC 221 : 221 279
FAC 222 : 12 101 222
FAC 223 : 223
FAC 225 : 225
FAC 227 : 227
FAC 228 : 228
FAC 229 : 229 267
FAC 230 : 230 289 336
FAC 231 : 231 280 452
FAC 232 : 232
FAC 234 : 212 234 327
FAC 235 : 235 386 490
FAC 236 : 135 236 293
FAC 237 : 237
FAC 239 : 239
FAC 240 : 240 431 494
FAC 241 : 14 241 413
FAC 242 : 242 269
FAC 243 : 204 243
FAC 244 : 244
FAC 245 : 245
FAC 246 : 246
FAC 247 : 247
FAC 248 : 248
FAC 249 : 249
FAC 250 : 250
FAC 252 : 252 284
FAC 253 : 253
FAC 255 : 255
FAC 258 : 258
FAC 262 : 262
FAC 264 : 264
FAC 266 : 215 266
FAC 270 : 270
FAC 272 : 268 272
FAC 273 : 273
FAC 274 : 274
FAC 275 : 275
FAC 276 : 276
FAC 278 : 278
FAC 281 : 281
FAC 282 : 282
FAC 285 : 285
FAC 287 : 287
FAC 290 : 290
FAC 294 : 103 294
FAC 296 : 8 48 296
FAC 297 : 297
FAC 298 : 298
FAC 299 : 299
FAC 300 : 300 458
FAC 302 : 302
FAC 303 : 303
FAC 304 : 304
FAC 305 : 305 447
FAC 307 : 307 468
FAC 308 : 308
FAC 312 : 78 196 233 312
FAC 313 : 313 379
FAC 314 : 15 314 442
FAC 315 : 315
FAC 318 : 318
FAC 319 : 319
FAC 320 : 254 320 329
FAC 321 : 321
FAC 322 : 322
FAC 323 : 323
FAC 324 : 324
FAC 325 : 61 325
FAC 326 : 165 326
FAC 328 : 328
FAC 330 : 330 373
FAC 333 : 333 412
FAC 335 : 190 335 432
FAC 337 : 337
FAC 338 : 338
FAC 339 : 203 339
FAC 342 : 342
FAC 344 : 344
FAC 348 : 348
FAC 349 : 349
FAC 350 : 350
FAC 352 : 352
FAC 355 : 260 355
FAC 356 : 356
FAC 359 : 359
FAC 360 : 360
FAC 362 : 362
FAC 364 : 353 364 497
FAC 365 : 74 365 380
FAC 367 : 292 367
FAC 369 : 369
FAC 370 : 370
FAC 371 : 371
FAC 372 : 372
FAC 374 : 186 226 374
FAC 375 : 361 375
FAC 376 : 22 376 493
FAC 377 : 377
FAC 381 : 381
FAC 382 : 382
FAC 383 : 383
FAC 384 : 384
FAC 385 : 385
FAC 387 : 334 387
FAC 388 : 388
FAC 389 : 389
FAC 390 : 121 390
FAC 391 : 391
FAC 392 : 392 437
FAC 393 : 393
FAC 394 : 394 421
FAC 395 : 224 395
FAC 396 : 396 455
FAC 397 : 197 397 403
FAC 398 : 398
FAC 399 : 399
FAC 401 : 401
FAC 402 : 402
FAC 404 : 404
FAC 405 : 405
FAC 406 : 259 406
FAC 407 : 407
FAC 409 : 409
FAC 411 : 168 411 439
FAC 414 : 261 414 459
FAC 415 : 415
FAC 416 : 416 485
FAC 417 : 417
FAC 419 : 419
FAC 420 : 420
FAC 423 : 343 423 456
FAC 424 : 424
FAC 425 : 50 150 351 425
FAC 426 : 73 357 426
FAC 427 : 291 427
FAC 428 : 347 428
FAC 429 : 429
FAC 430 : 430
FAC 433 : 433
FAC 434 : 434
FAC 435 : 435
FAC 438 : 438
FAC 441 : 441
FAC 443 : 443
FAC 444 : 444
FAC 445 : 445 454
FAC 446 : 446
FAC 448 : 448
FAC 451 : 451
FAC 453 : 141 453
FAC 457 : 457
FAC 460 : 460
FAC 463 : 463
FAC 464 : 208 310 464
FAC 465 : 465
FAC 466 : 466
FAC 467 : 144 467
FAC 469 : 469
FAC 470 : 470
FAC 471 : 471
FAC 472 : 211 472
FAC 473 : 368 473
FAC 474 : 474
FAC 475 : 475
FAC 476 : 476
FAC 477 : 477
FAC 478 : 317 478
FAC 479 : 311 479
FAC 480 : 480
FAC 481 : 481
FAC 482 : 482
FAC 483 : 117 483
FAC 484 : 130 306 484
FAC 486 : 271 486
FAC 487 : 220 487
FAC 488 : 488
FAC 489 : 489
FAC 491 : 491
FAC 495 : 149 495
FAC 496 : 331 496
FAC 498 : 498
FAC 499 : 499
