== PROBLEM ==
# N_FACILITIES: 500
# N_CLIENTS: 500
# SIZE_RESTRICTION_MINIMUM: -1
# SIZE_RESTRICTION_MAXIMUM: -1

== RUN DATA ==
# FILTER: BETTER_THAN_ALL_PARENTS (3)
# TARGET_SOLS: 1
# PRECOMP_CLIENT_OPTIMAL_GAIN: 0.000000
# N_THREADS: 4
# SELECT_ONLY_TERMINAL: 1
# LOCAL_SEARCH: SWAP_RESENDE_WERNECK
# LOCAL_SEARCH_BEFORE_SELECT: 1
# LOCAL_SEARCH_REM_MOVEMENT: 1
# LOCAL_SEARCH_ADD_MOVEMENT: 1
# BRANCHING_FACTOR: 8
# BRANCHING_FACTOR_CORRECTION: 1
# PATH_RELINKING: PATH_RELINKING_UNTIL_NO_BETTER
# PATH_RELINKING_LOCAL_SEARCH: SWAP_RESENDE_WERNECK
# RANDOM_SEED: 1621838437
# RESTARTS: 1
# VERBOSE: 0
# BRANCH_AND_BOUND: 0 (deprecated)
# LOWER_BOUND: -798577.000000 

# REDUCTION: sdbs+:200:mgesum _best:400
# INPUT_FILE: "problems_kmedian_original/500-10"
# CPU_TIME: 9.450000
# ELAPSED: 3.287470
# VIRT_MEM_PEAK_KB: 417964
# TOTAL_ITERATIONS: 19

== LOCAL SEARCH INFO ==
# LOCAL_SEARCH_CPU_TIME: 4.600000
# N_LOCAL_SEARCHES: 3436
# AVG_LOCAL_SEARCH_MOVES: 5.199360

== PATH RELINKING INFO ==
# PATH_RELINKING_CPU_TIME: 4.150000
== FIRST RESTART INFO ==
# FIRST_ITERATIONS: 19
# FIRST_PER_SIZE_SOLS:             1    500   1586   1552   1527   1447   1337   1196   1020    882    681    545    400    306    192    135     67     18      2
# FIRST_PER_SIZE_SOLS_RED:         1    200    200    200    200    200    200    200    200    200    200    200    200    200    192    135     67     18      2
# FIRST_PER_SIZE_LOCAL_OPT:        0      0      0      0      0      0      0      0      0      0      0      0      0      0      0      0      0      0      0

== PER RESTART INFO ==
# RST        0 -798577.000000 9.450000

== SOLUTIONS DATA ==
# OUTPUT_SOLUTIONS: 1

== SOLUTION ==
# VALUE: -798577.000000
# ASSIGNS: 209 121 58 251 461 365 58 445 325 461 275 117 461 275 58 445 121 239 251 365 209 275 445 156 239 365 461 121 121 58 251 445 239 365 275 117 461 206 156 251 209 117 239 445 58 58 121 156 325 239 58 445 251 156 117 206 117 156 58 58 325 325 156 239 58 58 121 251 121 239 275 206 156 121 365 58 251 209 156 461 58 365 209 251 239 445 58 206 58 445 239 121 275 365 239 156 117 239 275 206 461 445 239 121 239 121 121 461 117 117 461 117 325 117 209 156 117 117 121 445 461 121 58 275 206 239 445 156 461 239 365 121 275 365 239 239 461 251 275 121 461 117 206 275 445 117 206 156 445 325 58 58 275 117 251 156 156 117 58 461 445 209 365 461 445 365 239 239 251 209 275 58 117 461 121 206 156 365 461 117 325 156 325 275 58 325 121 461 117 121 117 461 239 445 209 156 156 239 251 365 117 117 275 58 461 325 206 58 58 209 445 58 325 239 461 121 206 461 117 461 206 117 461 209 461 58 121 156 461 251 251 156 156 156 325 461 239 365 121 239 275 58 121 461 156 275 58 58 445 121 209 251 251 275 445 117 206 461 461 461 445 445 365 156 209 365 121 251 251 121 461 209 251 156 325 275 58 461 156 117 156 275 58 325 251 275 239 445 251 251 365 461 445 239 121 275 325 461 251 121 445 117 239 445 275 325 365 117 121 209 58 251 156 239 445 325 365 365 156 156 445 209 461 365 325 325 365 325 445 445 117 445 275 209 209 117 251 156 365 58 239 239 239 156 275 461 275 445 58 239 275 58 445 239 275 445 117 121 117 121 461 275 275 275 239 365 156 445 209 156 365 461 445 117 121 275 445 365 445 239 365 156 239 156 325 445 461 209 58 445 121 156 206 209 365 445 461 239 209 156 121 365 156 239 58 325 461 117 365 121 239 251 209 58 445 117 209 461 209 156 445 365 239 156 206 58 121 461 445 325 121 275 325 365 239 239 251 206 365 251 156 275 445 365 251 445 121 325 121 325 117 206 156 117 445 461 156 156 445 445 121 461 121 445 58 117 445 445 117 156 209 117 58 209 445 58 445 365 365 251 461 206 445 117 365 209 209 206 117 275 461 58 58 445 275 325 445 239 325 58
# N_FACS: 13
# INDEXES: 58 117 121 156 206 209 239 251 275 325 365 445 461 
FAC 58 : 2 6 14 29 44 45 50 58 59 64 65 75 80 86 88 122 150 151 158 171 184 203 207 208 211 225 241 246 247 276 282 310 339 348 351 388 404 413 425 464 472 475 491 492 499
FAC 117 : 11 35 41 54 56 96 108 109 111 113 116 117 141 145 153 157 172 179 188 190 200 201 218 221 255 279 301 307 330 335 356 358 373 407 415 450 453 465 468 471 483 488
FAC 121 : 1 16 27 28 46 66 68 73 91 103 105 106 118 121 131 139 174 186 189 215 226 238 242 249 266 269 294 299 308 357 359 374 390 400 409 426 430 446 448 460 462
FAC 156 : 23 38 47 53 57 62 72 78 95 115 127 147 155 156 176 181 195 196 227 231 232 233 244 263 273 278 280 312 318 319 337 343 366 369 381 383 391 399 402 419 423 440 452 456 457 469
FAC 206 : 37 55 71 87 99 124 142 146 175 206 216 220 256 392 424 437 451 481 487
FAC 209 : 0 20 40 77 82 114 161 169 194 209 223 250 264 271 309 321 333 334 368 387 393 398 412 416 418 470 473 485 486
FAC 239 : 17 24 32 42 49 63 69 84 90 94 97 102 104 125 129 134 135 166 167 192 197 213 236 239 286 293 302 313 340 341 342 349 353 364 379 382 397 403 410 422 434 435 497
FAC 251 : 3 18 30 39 52 67 76 83 137 154 168 198 229 230 251 252 267 268 272 284 288 289 298 311 336 411 436 439 444 479
FAC 275 : 10 13 21 34 70 92 98 123 132 138 143 152 170 183 202 240 245 253 275 281 285 295 304 332 344 346 350 354 361 362 363 375 431 441 489 494
FAC 325 : 8 48 60 61 112 149 180 182 185 205 212 234 274 283 296 305 315 324 325 327 384 405 429 432 447 449 495 498
FAC 365 : 5 19 25 33 74 81 93 130 133 162 165 177 199 237 262 265 290 306 316 317 323 326 338 365 370 377 380 394 401 408 421 433 438 443 477 478 484
FAC 445 : 7 15 22 31 43 51 85 89 101 119 126 144 148 160 164 193 210 248 254 260 261 287 292 300 303 314 320 328 329 331 347 352 355 367 372 376 378 385 389 395 414 420 428 442 445 454 458 459 463 466 467 474 476 482 493 496
FAC 461 : 4 9 12 26 36 79 100 107 110 120 128 136 140 159 163 173 178 187 191 204 214 217 219 222 224 228 235 243 257 258 259 270 277 291 297 322 345 360 371 386 396 406 417 427 455 461 480 490
